Largeur du blockmap: 164.262
Hauteur du blockmap: 179.286
Colonnes du blockmap: 21
Lignes du blockmap: 23
There is 3811 planes.
Average planes per block is 25.815475

0    0    0    0    0    0    0    0    0    22   33   49   32   3    0    0    0    0    0    0    0    
0    0    0    0    0    0    0    0    7    66   32   19   36   29   14   5    0    0    0    0    0    
0    0    0    0    0    0    3    18   33   56   13   6    27   50   40   28   5    5    5    6    0    
0    0    0    0    0    5    18   28   21   68   48   15   39   27   33   48   23   18   11   12   0    
0    0    0    0    0    4    6    14   50   92   31   40   19   78   98   71   66   48   0    0    0    
0    0    0    0    0    0    58   10   30   65   73   20   6    10   10   6    10   21   25   10   0    
0    0    0    0    0    0    65   36   54   73   70   16   2    6    6    2    10   63  *33*  16   0    
0    0    0    19   80   45   56   22   52   44   27   20   6    10   10   6    12   32   2    3    0    
0    9    8    11   58   13   15   18   58   36   79   32   6    12   12   6    14   52   6    8    0    
0    9    32   14   14   14   14   25   78   43   66   29   2    6    6    2    10   16   0    0    0    
0    5    17   2    2    2    2    19   36   18   20   14   2    6    6    2    10   36   29   20   8    
0    5    17   2    2    2    2    18   34   28   21   14   2    6    6    2    10   21   20   8    5    
0    5    17   2    2    2    2    18   57   45   72   26   6    10   10   6    14   56   26   27   5    
0    5    17   2    2    2    2    21   44   76   99   24   6    10   10   6    14   24   19   28   6    
0    8    35   19   19   17   23   38   58   110  63   8    2    6    6    2    10   17   51   18   0    
0    0    8    14   6    11   24   38   29   61   78   14   8    12   10   12   26   52   54   6    0    
0    4    18   23   22   29   54   89   43   90   98   92   37   46   38   27   20   51   26   0    0    
11   15   54   16   22   22   64   45   23   19   60   29   20   18   18   0    0    0    0    0    0    
11   12   43   14   20   42   55   56   11   13   18   22   0    3    3    0    0    0    0    0    0    
10   9    41   24   34   48   28   46   6    10   10   21   0    4    4    0    0    0    0    0    0    
0    3    35   22   36   64   87   65   12   17   14   17   0    0    0    0    0    0    0    0    0    
0    0    14   12   17   59   85   81   33   0    0    0    0    0    0    0    0    0    0    0    0    
0    0    0    0    0    3    34   49   17   0    0    0    0    0    0    0    0    0    0    0    0   
