0.41 (dev)
citadel.txt
49081
2
0
0
0
0
0
0
0
0
0
0
0
0
0
0
0
0
0
0
0
0
0
0
0
0
0
0
0
0
0
0
0
0
0
0
0
0
0
0
0
0
0
0
0
0
0
0
0
0
0
0
0
0
0
0
0
0
0
0
0
0
0
0
0
0
0
0
0
0
0
0
0
0
0
0
0
0
0
0
0
0
0
0
0
0
0
0
0
0
0
0
0
0
0
0
0
0
0
0
0
0
0
0
0
0
0
0
0
0
0
0
0
0
0
0
0
0
0
0
0
0
0
0
0
0
0
0
0
0
0
0
0
0
0
0
0
0
0
0
0
0
0
0
0
0
0
0
0
0
0
0
0
0
0
0
0
0
0
0
0
0
0
0
0
0
0
0
0
0
0
0
0
0
0
0
0
0
0
0
0
0
0
0
0
0
0
0
0
0
0
0
0
0
0
0
0
0
0
0
0
0
0
0
0
0
0
0
0
0
0
0
0
0
1440
960
0
0
0
0
0
0
0
0
-120
1080
0
0
0
0
0
0
0
0
-1920
1360
0
0
0
0
0
0
0
0
-3880
800
0
0
0
0
0
0
0
0
-4400
0
0
0
0
0
0
0
0
0
-3480
-1000
0
0
0
0
0
0
0
0
-1560
-1680
0
0
0
0
0
0
0
0
960
-2200
0
0
0
0
0
0
0
0
2680
-1680
0
0
0
0
0
0
0
0
3680
-640
0
0
0
0
0
0
0
0
6560
1040
0
0
0
0
0
0
0
0
2800
1440
0
0
0
0
0
0
0
0
520
1480
0
0
0
0
0
0
0
0
-1320
1720
0
0
0
0
0
0
0
0
-2880
1920
0
0
0
0
0
0
0
0
-3480
1080
0
0
0
0
0
0
0
0
-3200
80
0
0
0
0
0
0
0
0
-1680
-880
0
0
0
0
0
0
0
0
600
-2000
0
0
0
0
0
0
0
0
2640
-2840
0
0
0
0
0
0
0
0
4240
-2560
0
0
0
0
0
0
0
0
4480
-1320
0
0
0
0
0
0
0
0
3640
-320
0
0
0
0
0
0
0
0
1000
-40
0
0
0
0
0
0
0
0
-4420
2280
0
0
0
0
0
0
0
0
-5720
2080
0
0
0
0
0
0
0
0
-6680
1360
0
0
0
0
0
0
0
0
-5440
400
0
0
0
0
0
0
0
0
-1880
-960
0
0
0
0
0
0
0
0
1160
-2440
0
0
0
0
0
0
0
0
4160
-3640
0
0
0
0
0
0
0
0
5640
-2760
0
0
0
0
0
0
0
0
6400
-1000
0
0
0
0
0
0
0
0
5560
480
0
0
0
0
0
0
0
0
2840
1320
0
0
0
0
0
0
0
0
-1800
2560
0
0
0
0
0
0
0
0
-9560
4520
0
0
0
0
0
0
0
0
-9440
1600
0
0
0
0
0
0
0
0
-7640
800
0
0
0
0
0
0
0
0
-3200
-1000
0
0
0
0
0
0
0
0
640
-2840
0
0
0
0
0
0
0
0
4160
-4400
0
0
0
0
0
0
0
0
6280
-3840
0
0
0
0
0
0
0
0
7600
-2120
0
0
0
0
0
0
0
0
8560
-40
0
0
0
0
0
0
0
0
5560
840
0
0
0
0
0
0
0
0
-200
1920
0
0
0
0
0
0
0
0
-5600
3240
0
0
0
0
0
0
0
0
-10360
3040
0
0
0
0
0
0
0
0
-11400
1400
0
0
0
0
0
0
0
0
-9040
160
0
0
0
0
0
0
0
0
-3920
-1960
0
0
0
0
0
0
0
0
1880
-4120
0
0
0
0
0
0
0
0
12440
-7360
0
0
0
0
0
0
0
0
13480
-3560
0
0
0
0
0
0
0
0
13660
-1880
0
0
0
0
0
0
0
0
11080
840
0
0
0
0
0
0
0
0
2680
2360
0
0
0
0
0
0
0
0
-4160
3720
0
0
0
0
0
0
0
0
-11520
5400
0
0
0
0
0
0
0
0
-13600
4040
0
0
0
0
0
0
0
0
-13520
2920
0
0
0
0
0
0
0
0
-11280
960
0
0
0
0
0
0
0
0
-9080
-3920
0
0
0
0
0
0
0
0
360
-4400
0
0
0
0
0
0
0
0
4360
-5160
0
0
0
0
0
0
0
0
8240
-4960
0
0
0
0
0
0
0
0
9520
-2920
0
0
0
0
0
0
0
0
9160
-680
0
0
0
0
0
0
0
0
6760
1960
0
0
0
0
0
0
0
0
2640
3640
0
0
0
0
0
0
0
0
-2240
4320
0
0
0
0
0
0
0
0
-6560
4040
0
0
0
0
0
0
0
0
-10800
2520
0
0
0
0
0
0
0
0
-13640
280
0
0
0
0
0
0
0
0
-7160
-3160
0
0
0
0
0
0
0
0
-3040
-4640
0
0
0
0
0
0
0
0
800
-6680
0
0
0
0
0
0
0
0
3520
-5760
0
0
0
0
0
0
0
0
5720
-3280
0
0
0
0
0
0
0
0
8760
-640
0
0
0
0
0
0
0
0
9400
1520
0
0
0
0
0
0
0
0
8400
2960
0
0
0
0
0
0
0
0
5160
3240
0
0
0
0
0
0
0
0
200
3240
0
0
0
0
0
0
0
0
-4760
3320
0
0
0
0
0
0
0
0
-14280
3600
0
0
0
0
0
0
0
0
-12080
680
0
0
0
0
0
0
0
0
-9800
-1720
0
0
0
0
0
0
0
0
-5520
-2960
0
0
0
0
0
0
0
0
-840
-3280
0
0
0
0
0
0
0
0
4040
-3560
0
0
0
0
0
0
0
0
8120
-3040
0
0
0
0
0
0
0
0
9920
-1240
0
0
0
0
0
0
0
0
10960
-160
0
0
0
0
0
0
0
0
10480
2320
0
0
0
0
0
0
0
0
6400
3840
0
0
0
0
0
0
0
0
1160
4120
0
0
0
0
0
0
0
0
-3680
4280
0
0
0
0
0
0
0
0
-8240
4440
0
0
0
0
0
0
0
0
-9840
2680
0
0
0
0
0
0
0
0
-10400
760
0
0
0
0
0
0
0
0
-11800
-3240
0
0
0
0
0
0
0
0
-2440
-3800
0
0
0
0
0
0
0
0
1760
-4480
0
0
0
0
0
0
0
0
5360
-4280
0
0
0
0
0
0
0
0
9240
-3240
0
0
0
0
0
0
0
0
10400
-1240
0
0
0
0
0
0
0
0
10400
760
0
0
0
0
0
0
0
0
9000
2640
0
0
0
0
0
0
0
0
6040
4440
0
0
0
0
0
0
0
0
1800
4440
0
0
0
0
0
0
0
0
-1960
4960
0
0
0
0
0
0
0
0
-5840
5440
0
0
0
0
0
0
0
0
-9240
4240
0
0
0
0
0
0
0
0
-11840
1840
0
0
0
0
0
0
0
0
-13080
-680
0
0
0
0
0
0
0
0
-12720
-3200
0
0
0
0
0
0
0
0
-9440
-6720
0
0
0
0
0
0
0
0
-200
-5080
0
0
0
0
0
0
0
0
4960
-4680
0
0
0
0
0
0
0
0
9240
-2440
0
0
0
0
0
0
0
0
11760
360
0
0
0
0
0
0
0
0
13000
2440
0
0
0
0
0
0
0
0
12640
4280
0
0
0
0
0
0
0
0
9240
5120
0
0
0
0
0
0
0
0
3920
4880
0
0
0
0
0
0
0
0
-1520
4520
0
0
0
0
0
0
0
0
-7640
4840
0
0
0
0
0
0
0
0
-11680
3640
0
0
0
0
0
0
0
0
-13640
1440
0
0
0
0
0
0
0
0
-13640
-1240
0
0
0
0
0
0
0
0
-12520
-4840
0
0
0
0
0
0
0
0
-8920
-7360
0
0
0
0
0
0
0
0
-4720
-7660
0
0
0
0
0
0
0
0
240
-6960
0
0
0
0
0
0
0
0
5040
-4720
0
0
0
0
0
0
0
0
9680
-2560
0
0
0
0
0
0
0
0
13660
-1200
0
0
0
0
0
0
0
0
13660
0
0
0
0
0
0
0
0
0
13660
1080
0
0
0
0
0
0
0
0
13660
2960
0
0
0
0
0
0
0
0
8320
4160
0
0
0
0
0
0
0
0
-80
4160
0
0
0
0
0
0
0
0
-12800
6760
0
0
0
0
0
0
0
0
-13640
5160
0
0
0
0
0
0
0
0
-13640
3440
0
0
0
0
0
0
0
0
-13640
1560
0
0
0
0
0
0
0
0
-13640
-1920
0
0
0
0
0
0
0
0
-13640
-6720
0
0
0
0
0
0
0
0
-11000
-7660
0
0
0
0
0
0
0
0
-7240
-7660
0
0
0
0
0
0
0
0
-3320
-7660
0
0
0
0
0
0
0
0
1560
-7660
0
0
0
0
0
0
0
0
7800
-6640
0
0
0
0
0
0
0
0
13000
-5120
0
0
0
0
0
0
0
0
13660
-3720
0
0
0
0
0
0
0
0
24180
-120
0
0
0
0
0
0
0
0
12120
4000
0
0
0
0
0
0
0
0
6120
6080
0
0
0
0
0
0
0
0
-320
6280
0
0
0
0
0
0
0
0
-6480
5600
0
0
0
0
0
0
0
0
-12680
4240
0
0
0
0
0
0
0
0
-13640
2160
0
0
0
0
0
0
0
0
-13640
-1320
0
0
0
0
0
0
0
0
-13640
-5200
0
0
0
0
0
0
0
0
-13640
-5840
0
0
0
0
0
0
0
0
-13640
-7660
0
0
0
0
0
0
0
0
-11240
-7660
0
0
0
0
0
0
0
0
-8640
-7660
0
0
0
0
0
0
0
0
-6120
-7660
0
0
0
0
0
0
0
0
-1000
-7660
0
0
0
0
0
0
0
0
5560
-7660
0
0
0
0
0
0
0
0
10520
-7660
0
0
0
0
0
0
0
0
13660
-5680
0
0
0
0
0
0
0
0
13660
-1080
0
0
0
0
0
0
0
0
13660
3680
0
0
0
0
0
0
0
0
13660
7680
0
0
0
0
0
0
0
0
13660
7680
0
0
0
0
0
0
0
0
13660
7680
0
0
0
0
0
0
0
0
11960
7680
0
0
0
0
0
0
0
0
5040
7680
0
0
0
0
0
0
0
0
-2760
7680
0
0
0
0
0
0
0
0
-9240
7680
0
0
0
0
0
0
0
0
-13640
7680
0
0
0
0
0
0
0
0
-13640
1880
0
0
0
0
0
0
0
0
-13640
-2640
0
0
0
0
0
0
0
0
-13640
-6400
0
0
0
0
0
0
0
0
-13640
-7660
0
0
0
0
0
0
0
0
-13640
-7660
0
0
0
0
0
0
0
0
-13640
-7660
0
0
0
0
0
0
0
0
-13640
-7660
0
0
0
0
0
0
0
0
-13640
-7660
0
0
0
0
0
0
0
0
-6640
-7660
0
0
0
0
0
0
0
0
280
-6040
0
0
0
0
0
0
0
0
7000
-4000
0
0
0
0
0
0
0
0
20320
-3400
0
0
0
0
0
0
0
0
13660
-1600
0
0
0
0
0
0
0
0
13660
-1480
0
0
0
0
0
0
0
0
13660
-1240
0
0
0
0
0
0
0
0
13660
-560
0
0
0
0
0
0
0
0
13660
480
0
0
0
0
0
0
0
0
13660
1640
0
0
0
0
0
0
0
0
13660
2520
0
0
0
0
0
0
0
0
13660
1520
0
0
0
0
0
0
0
0
13360
560
0
0
0
0
0
0
0
0
7760
960
0
0
0
0
0
0
0
0
-300
160
0
0
0
0
0
0
0
0
-2760
0
0
0
0
0
0
0
0
0
-5640
200
0
0
0
0
0
0
0
0
-9320
560
0
0
0
0
0
0
0
0
-13640
1080
0
0
0
0
0
0
0
0
-8600
120
0
0
0
0
0
0
0
0
-13640
240
0
0
0
0
0
0
0
0
-13640
-440
0
0
0
0
0
0
0
0
-13640
-1480
0
0
0
0
0
0
0
0
-13640
-1800
0
0
0
0
0
0
0
0
-13640
-2520
0
0
0
0
0
0
0
0
-13640
-1040
0
0
0
0
0
0
0
0
-13640
-480
0
0
0
0
0
0
0
0
-13640
-200
0
0
0
0
0
0
0
0
-13640
-240
0
0
0
0
0
0
0
0
-13640
-680
0
0
0
0
0
0
0
0
-13640
-1200
0
0
0
0
0
0
0
0
-13640
-1600
0
0
0
0
0
0
0
0
-13640
-920
0
0
0
0
0
0
0
0
-13640
-200
0
0
0
0
0
0
0
0
-13640
280
0
0
0
0
0
0
0
0
-13640
320
0
0
0
0
0
0
0
0
-13640
-80
0
0
0
0
0
0
0
0
-13640
-2400
0
0
0
0
0
0
0
0
-11440
-2360
0
0
0
0
0
0
0
0
-8720
-2480
0
0
0
0
0
0
0
0
-6160
-2320
0
0
0
0
0
0
0
0
-4400
-1920
0
0
0
0
0
0
0
0
-3200
-1520
0
0
0
0
0
0
0
0
-1920
-1080
0
0
0
0
0
0
0
0
-720
-720
0
0
0
0
0
0
0
0
400
-760
0
0
0
0
0
0
0
0
2040
-1400
0
0
0
0
0
0
0
0
4120
-1920
0
0
0
0
0
0
0
0
6440
-1760
0
0
0
0
0
0
0
0
13660
-1560
0
0
0
0
0
0
0
0
12920
-240
0
0
0
0
0
0
0
0
13660
440
0
0
0
0
0
0
0
0
13660
1400
0
0
0
0
0
0
0
0
13660
2760
0
0
0
0
0
0
0
0
13660
3120
0
0
0
0
0
0
0
0
13660
3320
0
0
0
0
0
0
0
0
13660
4120
0
0
0
0
0
0
0
0
13660
3640
0
0
0
0
0
0
0
0
13660
3760
0
0
0
0
0
0
0
0
13660
3320
0
0
0
0
0
0
0
0
13660
2440
0
0
0
0
0
0
0
0
13660
2040
0
0
0
0
0
0
0
0
13660
1600
0
0
0
0
0
0
0
0
13660
1480
0
0
0
0
0
0
0
0
25500
2560
0
0
0
0
0
0
0
0
13660
1480
0
0
0
0
0
0
0
0
13660
960
0
0
0
0
0
0
0
0
13660
560
0
0
0
0
0
0
0
0
13660
40
0
0
0
0
0
0
0
0
13660
-640
0
0
0
0
0
0
0
0
12240
-720
0
0
0
0
0
0
0
0
11080
-440
0
0
0
0
0
0
0
0
9880
-120
0
0
0
0
0
0
0
0
5880
160
0
0
0
0
0
0
0
0
1960
200
0
0
0
0
0
0
0
0
120
160
0
0
0
0
0
0
0
0
-1640
40
0
0
0
0
0
0
0
0
-4520
-40
0
0
0
0
0
0
0
0
-6960
-600
0
0
0
0
0
0
0
0
-9600
-1000
0
0
0
0
0
0
0
0
-12960
-1400
0
0
0
0
0
0
0
0
-13640
-1040
0
0
0
0
0
0
0
0
-13640
40
0
0
0
0
0
0
0
0
-13640
640
0
0
0
0
0
0
0
0
-13640
1080
0
0
0
0
0
0
0
0
-13640
1160
0
0
0
0
0
0
0
0
-13640
1120
0
0
0
0
0
0
0
0
-13640
1360
0
0
0
0
0
0
0
0
-13640
1240
0
0
0
0
0
0
0
0
-13640
1360
0
0
0
0
0
0
0
0
-13640
1520
0
0
0
0
0
0
0
0
-13640
1600
0
0
0
0
0
0
0
0
-13640
1200
0
0
0
0
0
0
0
0
-13640
880
0
0
0
0
0
0
0
0
-13640
520
0
0
0
0
0
0
0
0
-13640
40
0
0
0
0
0
0
0
0
-13640
-120
0
0
0
0
0
0
0
0
-13640
-280
0
0
0
0
0
0
0
0
-13640
-1120
0
0
0
0
0
0
0
0
-11600
-960
0
0
0
0
0
0
0
0
-9400
-1040
0
0
0
0
0
0
0
0
-7120
-1360
0
0
0
0
0
0
0
0
-4360
-1360
0
0
0
0
0
0
0
0
-1560
-1360
0
0
0
0
0
0
0
0
760
-1800
0
0
0
0
0
0
0
0
3640
-2840
0
0
0
0
0
0
0
0
6080
-3160
0
0
0
0
0
0
0
0
9720
-2200
0
0
0
0
0
0
0
0
13660
-1880
0
0
0
0
0
0
0
0
13660
-640
0
0
0
0
0
0
0
0
13660
-280
0
0
0
0
0
0
0
0
13660
200
0
0
0
0
0
0
0
0
13660
-120
0
0
0
0
0
0
0
0
13660
-1000
0
0
0
0
0
0
0
0
13660
-880
0
0
0
0
0
0
0
0
13660
-600
0
0
0
0
0
0
0
0
13660
-440
0
0
0
0
0
0
0
0
11000
-1160
0
0
0
0
0
0
0
0
13660
-800
0
0
0
0
0
0
0
0
13660
-480
0
0
0
0
0
0
0
0
13660
-40
0
0
0
0
0
0
0
0
13660
80
0
0
0
0
0
0
0
0
13660
-280
0
0
0
0
0
0
0
0
13660
-760
0
0
0
0
0
0
0
0
9200
680
0
0
0
0
0
0
0
0
5280
400
0
0
0
0
0
0
0
0
2400
-520
0
0
0
0
0
0
0
0
760
-1240
0
0
0
0
0
0
0
0
-760
-1200
0
0
0
0
0
0
0
0
-2240
-360
0
0
0
0
0
0
0
0
-4480
0
0
0
0
0
0
0
0
0
-8160
440
0
0
0
0
0
0
0
0
-10920
1040
0
0
0
0
0
0
0
0
-13640
760
0
0
0
0
0
0
0
0
-13640
240
0
0
0
0
0
0
0
0
-13640
-680
0
0
0
0
0
0
0
0
-13640
-1760
0
0
0
0
0
0
0
0
-13640
-2280
0
0
0
0
0
0
0
0
-13640
-1680
0
0
0
0
0
0
0
0
-13640
-800
0
0
0
0
0
0
0
0
-13640
480
0
0
0
0
0
0
0
0
-13640
2040
0
0
0
0
0
0
0
0
-13640
2880
0
0
0
0
0
0
0
0
-13640
3160
0
0
0
0
0
0
0
0
-13640
4040
0
0
0
0
0
0
0
0
-13640
1080
0
0
0
0
0
0
0
0
-13640
-40
0
0
0
0
0
0
0
0
-13640
-720
0
0
0
0
0
0
0
0
-11600
-2480
0
0
0
0
0
0
0
0
-6840
-3920
0
0
0
0
0
0
0
0
-2680
-5160
0
0
0
0
0
0
0
0
1000
-7040
0
0
0
0
0
0
0
0
5080
-7660
0
0
0
0
0
0
0
0
13400
-7660
0
0
0
0
0
0
0
0
12400
-7660
0
0
0
0
0
0
0
0
13660
-7660
0
0
0
0
0
0
0
0
13660
-7660
0
0
0
0
0
0
0
0
13660
-7660
0
0
0
0
0
0
0
0
13660
-7660
0
0
0
0
0
0
0
0
13660
-7660
0
0
0
0
0
0
0
0
13660
-7660
0
0
0
0
0
0
0
0
13660
-7660
0
0
0
0
0
0
0
0
13660
-3320
0
0
0
0
0
0
0
0
13660
1480
0
0
0
0
0
0
0
0
13660
5120
0
0
0
0
0
0
0
0
13660
7000
0
0
0
0
0
0
0
0
10880
7680
0
0
0
0
0
0
0
0
8640
7680
0
0
0
0
0
0
0
0
9760
7680
0
0
0
0
0
0
0
0
4800
7680
0
0
0
0
0
0
0
0
3520
7680
0
0
0
0
0
0
0
0
1000
7680
0
0
0
0
0
0
0
0
-1160
7680
0
0
0
0
0
0
0
0
-4640
7680
0
0
0
0
0
0
0
0
-6240
7680
0
0
0
0
0
0
0
0
-6560
7680
0
0
0
0
0
0
0
0
-7280
7680
0
0
0
0
0
0
0
0
-10960
7680
0
0
0
0
0
0
0
0
-13640
7680
0
0
0
0
0
0
0
0
-13640
7680
0
0
0
0
0
0
0
0
-13640
7680
0
0
0
0
0
0
0
0
-13640
7680
0
0
0
0
0
0
0
0
-13640
7680
0
0
0
0
0
0
0
0
-13640
7680
0
0
0
0
0
0
0
0
-13640
7680
0
0
0
0
0
0
0
0
-13640
6080
0
0
0
0
0
0
0
0
-13640
3000
0
0
0
0
0
0
0
0
-13640
760
0
0
0
0
0
0
0
0
-13640
-1080
0
0
0
0
0
0
0
0
-13640
-3240
0
0
0
0
0
0
0
0
-13440
-6560
0
0
0
0
0
0
0
0
-11680
-7660
0
0
0
0
0
0
0
0
-8720
-7660
0
0
0
0
0
0
0
0
-5040
-7660
0
0
0
0
0
0
0
0
-1080
-7660
0
0
0
0
0
0
0
0
4560
-7660
0
0
0
0
0
0
0
0
9080
-7660
0
0
0
0
0
0
0
0
12000
-7660
0
0
0
0
0
0
0
0
13660
-7660
0
0
0
0
0
0
0
0
13660
-7660
0
0
0
0
0
0
0
0
13660
-7660
0
0
0
0
0
0
0
0
13660
-7660
0
0
0
0
0
0
0
0
13660
-7660
0
0
0
0
0
0
0
0
13660
-7660
0
0
0
0
0
0
0
0
13660
-7660
0
0
0
0
0
0
0
0
13660
-4120
0
0
0
0
0
0
0
0
9600
120
0
0
0
0
0
0
0
0
11960
7040
0
0
0
0
0
0
0
0
10560
7680
0
0
0
0
0
0
0
0
7840
7680
0
0
0
0
0
0
0
0
5560
7680
0
0
0
0
0
0
0
0
4960
7680
0
0
0
0
0
0
0
0
1600
7680
0
0
0
0
0
0
0
0
720
7680
0
0
0
0
0
0
0
0
280
7680
0
0
0
0
0
0
0
0
80
7680
0
0
0
0
0
0
0
0
640
7680
0
0
0
0
0
0
0
0
1000
7680
0
0
0
0
0
0
0
0
2960
7680
0
0
0
0
0
0
0
0
5520
7680
0
0
0
0
0
0
0
0
7480
7680
0
0
0
0
0
0
0
0
6320
7680
0
0
0
0
0
0
0
0
2640
7680
0
0
0
0
0
0
0
0
-2040
7680
0
0
0
0
0
0
0
0
-5160
7680
0
0
0
0
0
0
0
0
-7240
7680
0
0
0
0
0
0
0
0
-560
7680
0
0
0
0
0
0
0
0
3080
7680
0
0
0
0
0
0
0
0
5680
7680
0
0
0
0
0
0
0
0
5960
7680
0
0
0
0
0
0
0
0
4640
7680
0
0
0
0
0
0
0
0
2080
7680
0
0
0
0
0
0
0
0
-40
7680
0
0
0
0
0
0
0
0
-1960
7680
0
0
0
0
0
0
0
0
-2440
5320
0
0
0
0
0
0
0
0
-880
1480
0
0
0
0
0
0
0
0
40
-720
0
0
0
0
0
0
0
0
1080
-5120
0
0
0
0
0
0
0
0
1760
-7660
0
0
0
0
0
0
0
0
1000
-7660
0
0
0
0
0
0
0
0
-440
-7660
0
0
0
0
0
0
0
0
-1520
-7660
0
0
0
0
0
0
0
0
-1440
-7660
0
0
0
0
0
0
0
0
-800
-7660
0
0
0
0
0
0
0
0
-240
-7660
0
0
0
0
0
0
0
0
80
-7660
0
0
0
0
0
0
0
0
680
-7660
0
0
0
0
0
0
0
0
1080
-7660
0
0
0
0
0
0
0
0
800
-7660
0
0
0
0
0
0
0
0
240
-7660
0
0
0
0
0
0
0
0
80
-7660
0
0
0
0
0
0
0
0
0
-7660
0
0
0
0
0
0
0
0
0
-7660
0
0
0
0
0
0
0
0
-120
-7660
0
0
0
0
0
0
0
0
-280
-7660
0
0
0
0
0
0
0
0
-760
-7660
0
0
0
0
0
0
0
0
-1240
-7660
0
0
0
0
0
0
0
0
-720
-7660
0
0
0
0
0
0
0
0
-1160
-7660
0
0
0
0
0
0
0
0
-2280
-7660
0
0
0
0
0
0
0
0
-2120
-7660
0
0
0
0
0
0
0
0
-1920
-7660
0
0
0
0
0
0
0
0
-2040
-7660
0
0
0
0
0
0
0
0
-2720
-7660
0
0
0
0
0
0
0
0
-3960
-7660
0
0
0
0
0
0
0
0
-5160
-7660
0
0
0
0
0
0
0
0
-5520
-7660
0
0
0
0
0
0
0
0
-8880
-7660
0
0
0
0
0
0
0
0
-5320
-7660
0
0
0
0
0
0
0
0
-4160
-7660
0
0
0
0
0
0
0
0
-2600
-7660
0
0
0
0
0
0
0
0
-1040
-7660
0
0
0
0
0
0
0
0
600
-7040
0
0
0
0
0
0
0
0
2320
-2720
0
0
0
0
0
0
0
0
4480
880
0
0
0
0
0
0
0
0
6320
4120
0
0
0
0
0
0
0
0
8440
7680
0
0
0
0
0
0
0
0
9960
7680
0
0
0
0
0
0
0
0
13480
7680
0
0
0
0
0
0
0
0
13480
7680
0
0
0
0
0
0
0
0
13660
7680
0
0
0
0
0
0
0
0
13660
7680
0
0
0
0
0
0
0
0
12880
7680
0
0
0
0
0
0
0
0
10600
7680
0
0
0
0
0
0
0
0
8480
7680
0
0
0
0
0
0
0
0
6440
7680
0
0
0
0
0
0
0
0
3720
7680
0
0
0
0
0
0
0
0
2600
7680
0
0
0
0
0
0
0
0
2640
7680
0
0
0
0
0
0
0
0
2400
7680
0
0
0
0
0
0
0
0
1160
7680
0
0
0
0
0
0
0
0
-280
7680
0
0
0
0
0
0
0
0
-1800
7680
0
0
0
0
0
0
0
0
-5240
7680
0
0
0
0
0
0
0
0
-3440
7680
0
0
0
0
0
0
0
0
-4600
7680
0
0
0
0
0
0
0
0
-6960
7680
0
0
0
0
0
0
0
0
-10000
7680
0
0
0
0
0
0
0
0
-13640
7680
0
0
0
0
0
0
0
0
-13640
7680
0
0
0
0
0
0
0
0
-13640
7680
0
0
0
0
0
0
0
0
-13640
7680
0
0
0
0
0
0
0
0
-13640
7680
0
0
0
0
0
0
0
0
-13640
7680
0
0
0
0
0
0
0
0
-13640
4080
0
0
0
0
0
0
0
0
-13640
4160
0
0
0
0
0
0
0
0
-13640
5000
0
0
0
0
0
0
0
0
-13640
3480
0
0
0
0
0
0
0
0
-13640
1720
0
0
0
0
0
0
0
0
-13640
-40
0
0
0
0
0
0
0
0
-13640
-2320
0
0
0
0
0
0
0
0
-13640
-4160
0
0
0
0
0
0
0
0
-13640
-5560
0
0
0
0
0
0
0
0
-13640
-6520
0
0
0
0
0
0
0
0
-13640
-7200
0
0
0
0
0
0
0
0
-11720
-7940
0
0
0
0
0
0
0
0
-11320
-7660
0
0
0
0
0
0
0
0
-9920
-7660
0
0
0
0
0
0
0
0
-8280
-7660
0
0
0
0
0
0
0
0
-6680
-7660
0
0
0
0
0
0
0
0
-4960
-7660
0
0
0
0
0
0
0
0
-2800
-7660
0
0
0
0
0
0
0
0
-800
-7660
0
0
0
0
0
0
0
0
880
-7660
0
0
0
0
0
0
0
0
3560
-7660
0
0
0
0
0
0
0
0
5800
-7660
0
0
0
0
0
0
0
0
13560
-7660
0
0
0
0
0
0
0
0
12160
-7660
0
0
0
0
0
0
0
0
13280
-7660
0
0
0
0
0
0
0
0
13660
-7660
0
0
0
0
0
0
0
0
13660
-7660
0
0
0
0
0
0
0
0
13660
-7660
0
0
0
0
0
0
0
0
13660
-7660
0
0
0
0
0
0
0
0
13660
-7660
0
0
0
0
0
0
0
0
13660
-7660
0
0
0
0
0
0
0
0
13660
-7660
0
0
0
0
0
0
0
0
13660
-5400
0
0
0
0
0
0
0
0
13660
-4280
0
0
0
0
0
0
0
0
13660
-3160
0
0
0
0
0
0
0
0
13660
-2680
0
0
0
0
0
0
0
0
13660
-1720
0
0
0
0
0
0
0
0
13660
-520
0
0
0
0
0
0
0
0
13660
960
0
0
0
0
0
0
0
0
13660
2040
0
0
0
0
0
0
0
0
13660
3480
0
0
0
0
0
0
0
0
13660
5920
0
0
0
0
0
0
0
0
13660
4120
0
0
0
0
0
0
0
0
13240
4680
0
0
0
0
0
0
0
0
12880
6080
0
0
0
0
0
0
0
0
10640
6360
0
0
0
0
0
0
0
0
9040
6920
0
0
0
0
0
0
0
0
7600
7680
0
0
0
0
0
0
0
0
5680
7680
0
0
0
0
0
0
0
0
4000
7680
0
0
0
0
0
0
0
0
3080
7680
0
0
0
0
0
0
0
0
3200
7680
0
0
0
0
0
0
0
0
920
7680
0
0
0
0
0
0
0
0
240
7680
0
0
0
0
0
0
0
0
-80
7680
0
0
0
0
0
0
0
0
-720
7680
0
0
0
0
0
0
0
0
-2520
7680
0
0
0
0
0
0
0
0
-4680
7680
0
0
0
0
0
0
0
0
-8200
7680
0
0
0
0
0
0
0
0
-9600
7680
0
0
0
0
0
0
0
0
-12520
7680
0
0
0
0
0
0
0
0
-13640
7680
0
0
0
0
0
0
0
0
-13640
7680
0
0
0
0
0
0
0
0
-13640
7680
0
0
0
0
0
0
0
0
-13640
2840
0
0
0
0
0
0
0
0
-13640
1680
0
0
0
0
0
0
0
0
-13640
600
0
0
0
0
0
0
0
0
-13640
40
0
0
0
0
0
0
0
0
-13640
-200
0
0
0
0
0
0
0
0
-13640
-40
0
0
0
0
0
0
0
0
-13640
0
0
0
0
0
0
0
0
0
-13640
-80
0
0
0
0
0
0
0
0
-13640
0
0
0
0
0
0
0
0
0
-13640
-880
0
0
0
0
0
0
0
0
-13640
-680
0
0
0
0
0
0
0
0
-13640
-560
0
0
0
0
0
0
0
0
-13640
-840
0
0
0
0
0
0
0
0
-12800
-880
0
0
0
0
0
0
0
0
-11400
-480
0
0
0
0
0
0
0
0
-11520
80
0
0
0
0
0
0
0
0
-10160
640
0
0
0
0
0
0
0
0
-9880
1000
0
0
0
0
0
0
0
0
-10200
1040
0
0
0
0
0
0
0
0
-8760
1280
0
0
0
0
0
0
0
0
-6400
1080
0
0
0
0
0
0
0
0
-3880
920
0
0
0
0
0
0
0
0
-960
280
0
0
0
0
0
0
0
0
-460
160
0
0
0
0
0
0
0
0
20
80
0
0
0
0
0
0
0
0
1480
-500
0
0
0
0
0
0
0
0
3200
-1320
0
0
0
0
0
0
0
0
6280
-2480
0
0
0
0
0
0
0
0
9120
-3480
0
0
0
0
0
0
0
0
13660
-6360
0
0
0
0
0
0
0
0
13660
-5440
0
0
0
0
0
0
0
0
13660
-6040
0
0
0
0
0
0
0
0
13660
-5560
0
0
0
0
0
0
0
0
13660
-5480
0
0
0
0
0
0
0
0
13660
-5440
0
0
0
0
0
0
0
0
13660
-6040
0
0
0
0
0
0
0
0
13660
-4960
0
0
0
0
0
0
0
0
13660
-4080
0
0
0
0
0
0
0
0
13660
-3600
0
0
0
0
0
0
0
0
13660
-3760
0
0
0
0
0
0
0
0
13660
-3480
0
0
0
0
0
0
0
0
13660
-3000
0
0
0
0
0
0
0
0
13660
-6200
0
0
0
0
0
0
0
0
13660
-3280
0
0
0
0
0
0
0
0
13660
-2840
0
0
0
0
0
0
0
0
12480
-2040
0
0
0
0
0
0
0
0
9440
-1960
0
0
0
0
0
0
0
0
7800
-1840
0
0
0
0
0
0
0
0
6960
-1960
0
0
0
0
0
0
0
0
6720
-2120
0
0
0
0
0
0
0
0
5640
-1880
0
0
0
0
0
0
0
0
4440
-1440
0
0
0
0
0
0
0
0
2840
-960
0
0
0
0
0
0
0
0
640
-200
0
0
0
0
0
0
0
0
-80
220
0
0
0
0
0
0
0
0
-1300
1160
0
0
0
0
0
0
0
0
-2960
2640
0
0
0
0
0
0
0
0
-5640
4840
0
0
0
0
0
0
0
0
-7400
6120
0
0
0
0
0
0
0
0
-9360
7440
0
0
0
0
0
0
0
0
-11480
7680
0
0
0
0
0
0
0
0
-12640
7680
0
0
0
0
0
0
0
0
-13040
7680
0
0
0
0
0
0
0
0
-13640
7680
0
0
0
0
0
0
0
0
-13640
7680
0
0
0
0
0
0
0
0
-13640
7680
0
0
0
0
0
0
0
0
-13640
7680
0
0
0
0
0
0
0
0
-13640
7680
0
0
0
0
0
0
0
0
-13640
6800
0
0
0
0
0
0
0
0
-13640
5520
0
0
0
0
0
0
0
0
-13640
4240
0
0
0
0
0
0
0
0
-13640
2560
0
0
0
0
0
0
0
0
-13640
1080
0
0
0
0
0
0
0
0
-13640
-160
0
0
0
0
0
0
0
0
-13640
-2240
0
0
0
0
0
0
0
0
-13640
-4000
0
0
0
0
0
0
0
0
-13040
-4080
0
0
0
0
0
0
0
0
-13640
-7660
0
0
0
0
0
0
0
0
-12040
-7440
0
0
0
0
0
0
0
0
-11120
-7660
0
0
0
0
0
0
0
0
-12080
-7660
0
0
0
0
0
0
0
0
-10720
-7660
0
0
0
0
0
0
0
0
-8000
-7660
0
0
0
0
0
0
0
0
-4720
-7660
0
0
0
0
0
0
0
0
-1400
-7660
0
0
0
0
0
0
0
0
1160
-7660
0
0
0
0
0
0
0
0
3720
-7660
0
0
0
0
0
0
0
0
6120
-7660
0
0
0
0
0
0
0
0
10640
-7660
0
0
0
0
0
0
0
0
16680
-7660
0
0
0
0
0
0
0
0
13660
-7660
0
0
0
0
0
0
0
0
13660
-7660
0
0
0
0
0
0
0
0
13660
-6640
0
0
0
0
0
0
0
0
13240
-4400
0
0
0
0
0
0
0
0
5440
-3400
0
0
0
0
0
0
0
0
4200
-1960
0
0
0
0
0
0
0
0
4400
-3000
0
0
0
0
0
0
0
0
13360
-1200
0
0
0
0
0
0
0
0
13660
920
0
0
0
0
0
0
0
0
13660
5120
0
0
0
0
0
0
0
0
13660
4720
0
0
0
0
0
0
0
0
13660
5720
0
0
0
0
0
0
0
0
13660
6240
0
0
0
0
0
0
0
0
13660
5480
0
0
0
0
0
0
0
0
10880
7440
0
0
0
0
0
0
0
0
3560
7560
0
0
0
0
0
0
0
0
-160
5520
0
0
0
0
0
0
0
0
-1640
4040
0
0
0
0
0
0
0
0
-2360
3360
0
0
0
0
0
0
0
0
-4040
2840
0
0
0
0
0
0
0
0
-6800
2000
0
0
0
0
0
0
0
0
-9480
1080
0
0
0
0
0
0
0
0
-13640
800
0
0
0
0
0
0
0
0
-12320
120
0
0
0
0
0
0
0
0
-11840
40
0
0
0
0
0
0
0
0
-13040
-40
0
0
0
0
0
0
0
0
-13640
-120
0
0
0
0
0
0
0
0
-13640
120
0
0
0
0
0
0
0
0
-13640
680
0
0
0
0
0
0
0
0
-13640
520
0
0
0
0
0
0
0
0
-13640
560
0
0
0
0
0
0
0
0
-13640
240
0
0
0
0
0
0
0
0
-13640
0
0
0
0
0
0
0
0
0
-10960
-680
0
0
0
0
0
0
0
0
-6880
-800
0
0
0
0
0
0
0
0
-3640
-1240
0
0
0
0
0
0
0
0
-2560
-1440
0
0
0
0
0
0
0
0
-3560
-2320
0
0
0
0
0
0
0
0
-2520
-2000
0
0
0
0
0
0
0
0
-2520
-2640
0
0
0
0
0
0
0
0
-1600
-2320
0
0
0
0
0
0
0
0
320
-2120
0
0
0
0
0
0
0
0
2680
-2920
0
0
0
0
0
0
0
0
5400
-4040
0
0
0
0
0
0
0
0
6160
-3320
0
0
0
0
0
0
0
0
6240
-2240
0
0
0
0
0
0
0
0
5920
-920
0
0
0
0
0
0
0
0
5840
-600
0
0
0
0
0
0
0
0
7560
-760
0
0
0
0
0
0
0
0
5080
-480
0
0
0
0
0
0
0
0
5520
-480
0
0
0
0
0
0
0
0
4760
-280
0
0
0
0
0
0
0
0
3560
-200
0
0
0
0
0
0
0
0
2240
-160
0
0
0
0
0
0
0
0
1000
0
0
0
0
0
0
0
0
0
200
220
0
0
0
0
0
0
0
0
20
120
0
0
0
0
0
0
0
0
0
0
0
0
0
0
0
0
0
0
0
0
0
0
0
0
0
0
0
0
0
0
0
0
0
0
0
0
0
0
0
0
0
0
0
0
0
0
0
0
0
0
0
0
0
0
0
0
0
0
0
0
0
0
0
0
0
0
0
0
0
0
0
0
0
0
0
0
0
0
0
0
0
0
0
0
0
0
0
0
0
60
0
0
0
0
0
0
0
0
0
340
0
0
0
0
0
0
0
0
280
2060
0
0
0
0
0
0
0
0
1040
3040
0
0
0
0
0
0
0
0
1360
2720
0
0
0
0
0
0
0
0
1120
2440
0
0
0
0
0
0
0
0
600
2200
0
0
0
0
0
0
0
0
160
2120
0
0
0
0
0
0
0
0
-280
1840
0
0
0
0
0
0
0
0
-680
1400
0
0
0
0
0
0
0
0
-800
1040
0
0
0
0
0
0
0
0
-720
640
0
0
0
0
0
0
0
0
-760
400
0
0
0
0
0
0
0
0
-520
200
0
0
0
0
0
0
0
0
-480
-20
0
0
0
0
0
0
0
0
-520
-120
0
0
0
0
0
0
0
0
-720
-280
0
0
0
0
0
0
0
0
-1220
-520
0
0
0
0
0
0
0
0
-2080
-1080
0
0
0
0
0
0
0
0
-2560
-1560
0
0
0
0
0
0
0
0
-2400
-1800
0
0
0
0
0
0
0
0
-1400
-1720
0
0
0
0
0
0
0
0
-200
-1480
0
0
0
0
0
0
0
0
680
-1440
0
0
0
0
0
0
0
0
1400
-1320
0
0
0
0
0
0
0
0
1920
-1240
0
0
0
0
0
0
0
0
2160
-960
0
0
0
0
0
0
0
0
1840
-520
0
0
0
0
0
0
0
0
1520
-240
0
0
0
0
0
0
0
0
1440
0
0
0
0
0
0
0
0
0
1440
280
0
0
0
0
0
0
0
0
1480
440
0
0
0
0
0
0
0
0
1560
520
0
0
0
0
0
0
0
0
1640
360
0
0
0
0
0
0
0
0
1440
120
0
0
0
0
0
0
0
0
1240
80
0
0
0
0
0
0
0
0
1600
0
0
0
0
0
0
0
0
0
480
0
0
0
0
0
0
0
0
0
280
0
0
0
0
0
0
0
0
0
320
40
0
0
0
0
0
0
0
0
240
120
0
0
0
0
0
0
0
0
240
200
0
0
0
0
0
0
0
0
100
180
0
0
0
0
0
0
0
0
40
120
0
0
0
0
0
0
0
0
40
80
0
0
0
0
0
0
0
0
40
80
0
0
0
0
0
0
0
0
100
60
0
0
0
0
0
0
0
0
140
40
0
0
0
0
0
0
0
0
160
40
0
0
0
0
0
0
0
0
140
40
0
0
0
0
0
0
0
0
160
60
0
0
0
0
0
0
0
0
140
20
0
0
0
0
0
0
0
0
280
80
0
0
0
0
0
0
0
0
240
0
0
0
0
0
0
0
0
0
180
40
0
0
0
0
0
0
0
0
40
40
0
0
0
0
0
0
0
0
0
120
0
0
0
0
0
0
0
0
-320
260
0
0
0
0
0
0
0
0
-720
360
0
0
0
0
0
0
0
0
-920
320
0
0
0
0
0
0
0
0
-1080
320
0
0
0
0
0
0
0
0
-1280
400
0
0
0
0
0
0
0
0
-1320
400
0
0
0
0
0
0
0
0
-1240
320
0
0
0
0
0
0
0
0
-1080
160
0
0
0
0
0
0
0
0
-760
120
0
0
0
0
0
0
0
0
-640
40
0
0
0
0
0
0
0
0
-520
80
0
0
0
0
0
0
0
0
-560
0
0
0
0
0
0
0
0
0
-700
0
0
0
0
0
0
0
0
0
-760
80
0
0
0
0
0
0
0
0
-680
0
0
0
0
0
0
0
0
0
-620
80
0
0
0
0
0
0
0
0
-880
0
0
0
0
0
0
0
0
0
-740
0
0
0
0
0
0
0
0
0
-600
0
0
0
0
0
0
0
0
0
-180
0
0
0
0
0
0
0
0
0
0
0
0
0
0
0
0
0
0
0
0
0
0
0
0
0
0
0
0
0
-40
60
0
0
0
0
0
0
0
0
420
60
0
0
0
0
0
0
0
0
660
0
0
0
0
0
0
0
0
0
760
-100
0
0
0
0
0
0
0
0
940
-100
0
0
0
0
0
0
0
0
940
0
0
0
0
0
0
0
0
0
760
-60
0
0
0
0
0
0
0
0
480
0
0
0
0
0
0
0
0
0
380
40
0
0
0
0
0
0
10
0
340
160
0
0
0
0
0
0
10
0
420
140
0
0
0
0
0
0
10
0
400
140
0
0
0
0
0
0
10
0
320
100
0
0
0
0
0
0
10
0
100
40
0
0
0
0
0
0
10
0
0
0
0
0
0
0
0
0
10
0
0
0
0
0
0
0
0
0
10
0
0
0
0
0
0
0
0
0
10
0
0
0
0
0
0
0
0
0
10
0
0
0
0
0
0
0
0
0
10
0
0
0
0
0
0
0
0
0
10
0
0
0
0
0
0
0
0
0
10
0
40
0
0
0
0
0
0
0
10
0
-20
-60
0
0
0
0
0
0
10
0
-80
-60
0
0
0
0
0
0
10
0
-40
-60
0
0
0
0
0
0
10
0
0
-80
0
0
0
0
0
0
10
0
20
-80
0
0
0
0
0
0
10
0
220
-140
0
0
0
0
0
0
10
0
340
-160
0
0
0
0
0
0
10
0
380
-80
0
0
0
0
0
0
10
0
380
-80
0
0
0
0
0
0
10
0
300
0
0
0
0
0
0
0
10
0
200
0
0
0
0
0
0
0
10
0
0
0
0
0
0
0
0
0
10
0
0
0
0
0
0
0
0
0
10
0
80
40
0
0
0
0
0
0
10
0
0
0
0
0
0
0
0
0
20
0
0
0
0
0
0
0
0
0
20
0
0
0
0
0
0
0
0
0
20
0
20
40
0
0
0
0
0
0
20
0
0
80
0
0
0
0
0
0
20
0
-80
80
0
0
0
0
0
0
20
0
-140
140
0
0
0
0
0
0
20
0
-120
100
0
0
0
0
0
0
20
0
-100
40
0
0
0
0
0
0
20
0
-80
40
0
0
0
0
0
0
20
0
-140
0
0
0
0
0
0
0
20
0
-200
-20
0
0
0
0
0
0
20
0
-260
-100
0
0
0
0
0
0
20
0
-720
-300
0
0
0
0
0
0
20
0
-460
-180
0
0
0
0
0
0
20
0
-220
-80
0
0
0
0
0
0
20
0
0
0
0
0
0
0
0
0
20
0
0
0
0
0
0
0
0
0
20
0
0
0
0
0
0
0
0
0
20
0
0
0
0
0
0
0
0
0
20
0
0
0
0
0
0
0
0
0
20
0
0
0
0
0
0
0
0
0
20
0
-40
-20
0
0
0
0
0
0
20
0
-20
-20
0
0
0
0
0
0
20
0
60
-40
0
0
0
0
0
0
20
0
100
0
0
0
0
0
0
0
20
0
120
0
0
0
0
0
0
0
20
0
180
20
0
0
0
0
0
0
20
0
340
80
0
0
0
0
0
0
20
0
420
40
0
0
0
0
0
0
20
0
480
60
0
0
0
0
0
0
20
0
500
60
0
0
0
0
0
0
20
0
200
60
0
0
0
0
0
0
20
0
100
40
0
0
0
0
0
0
20
0
0
0
0
0
0
0
0
0
20
0
0
0
0
0
0
0
0
0
20
0
0
0
0
0
0
0
0
0
20
0
0
0
0
0
0
0
0
0
20
0
0
0
0
0
0
0
0
0
20
0
60
40
0
0
0
0
0
0
20
0
0
60
0
0
0
0
0
0
20
0
-180
0
0
0
0
0
0
0
20
0
-800
0
0
0
0
0
0
0
20
0
-880
-100
0
0
0
0
0
0
20
0
-1020
-260
0
0
0
0
0
0
20
0
-820
-220
0
0
0
0
0
0
20
0
-660
-220
0
0
0
0
0
0
20
0
-600
-220
0
0
0
0
0
0
20
0
-580
-180
0
0
0
0
0
0
20
0
-420
-140
0
0
0
0
0
0
20
0
0
0
0
0
0
0
0
0
20
0
0
0
0
0
0
0
0
0
20
0
0
0
0
0
0
0
0
0
20
0
0
0
0
0
0
0
0
0
20
0
-60
0
0
0
0
0
0
0
20
0
200
120
0
0
0
0
0
0
20
0
380
120
0
0
0
0
0
0
20
0
680
60
0
0
0
0
0
0
20
0
1140
0
0
0
0
0
0
0
20
0
1560
0
0
0
0
0
0
0
20
0
1480
0
0
0
0
0
0
0
20
0
1160
80
0
0
0
0
0
0
20
0
480
80
0
0
0
0
0
0
20
0
0
0
0
0
0
0
0
0
20
0
0
0
0
0
0
0
0
0
20
0
0
0
0
0
0
0
0
0
20
0
0
0
0
0
0
0
0
0
20
0
0
0
0
0
0
0
0
0
20
0
0
0
0
0
0
0
0
0
20
0
0
0
0
0
0
0
0
0
20
0
0
0
0
0
0
0
0
0
20
0
0
0
0
0
0
0
0
0
20
-20
0
0
0
0
0
0
0
0
20
-20
0
0
0
0
0
0
0
0
20
-20
0
0
0
0
0
0
0
0
20
-20
0
0
0
0
0
0
0
0
20
-20
0
0
0
0
0
0
0
0
20
-20
0
0
0
0
0
0
0
0
20
-20
80
40
0
0
0
0
0
0
20
0
-20
20
0
0
0
0
0
0
20
0
-320
60
0
0
0
0
0
0
20
0
-260
60
0
0
0
0
0
0
20
0
-300
60
0
0
0
0
0
0
20
0
-440
100
0
0
0
0
0
0
20
0
-700
120
0
0
0
0
0
0
20
0
-700
160
0
0
0
0
0
0
20
0
-660
140
0
0
0
0
0
0
20
0
-540
120
0
0
0
0
0
0
20
0
-340
80
0
0
0
0
0
0
20
0
0
0
0
0
0
0
0
0
20
0
0
0
0
0
0
0
0
0
20
0
-80
40
0
0
0
0
0
0
20
0
0
0
0
0
0
0
0
0
20
0
0
0
0
0
0
0
0
0
20
0
0
0
0
0
0
0
0
0
20
0
0
0
0
0
0
0
0
0
20
0
0
0
0
0
0
0
0
0
20
-20
0
0
0
0
0
0
0
0
20
-20
-40
0
0
0
0
0
0
0
20
-20
-80
0
0
0
0
0
0
0
20
-20
-80
-40
0
0
0
0
0
0
20
-20
-80
-60
0
0
0
0
0
0
20
-20
-100
-60
0
0
0
0
0
0
20
-20
-520
-200
0
0
0
0
0
0
20
-20
-660
-200
0
0
0
0
0
0
20
-20
-1140
-260
0
0
0
0
0
0
20
-20
-1500
-180
0
0
0
0
0
0
20
-20
-1440
-80
0
0
0
0
0
0
20
0
-1440
0
0
0
0
0
0
0
20
0
-1000
0
0
0
0
0
0
0
20
0
-560
40
0
0
0
0
0
0
20
0
-140
0
0
0
0
0
0
0
20
0
0
0
0
0
0
0
0
0
20
0
0
0
0
0
0
0
0
0
20
0
0
0
0
0
0
0
0
0
20
0
0
0
0
0
0
0
0
0
20
0
0
0
0
0
0
0
0
0
20
0
0
0
0
0
0
0
0
0
20
0
0
0
0
0
0
0
0
0
20
0
0
0
0
0
0
0
0
0
20
-20
0
0
0
0
0
0
0
0
20
-20
-20
0
0
0
0
0
0
0
20
-20
40
-60
0
0
0
0
0
0
20
-20
160
-80
0
0
0
0
0
0
20
-20
200
-80
0
0
0
0
0
0
20
-20
140
-60
0
0
0
0
0
0
20
-20
60
-20
0
0
0
0
0
0
20
-20
0
0
0
0
0
0
0
0
20
-20
0
0
0
0
0
0
0
0
20
-20
0
0
0
0
0
0
0
0
20
-20
0
0
0
0
0
0
0
0
20
-20
0
0
0
0
0
0
0
0
20
-20
0
0
0
0
0
0
0
0
20
-20
0
0
0
0
0
0
0
0
20
-20
-20
0
0
0
0
0
0
0
20
-20
-140
40
0
0
0
0
0
0
20
-20
-240
80
0
0
0
0
0
0
20
-20
-380
60
0
0
0
0
0
0
20
-20
-560
120
0
0
0
0
0
0
20
-20
-660
100
0
0
0
0
0
0
20
-20
-700
40
0
0
0
0
0
0
20
-20
-720
0
0
0
0
0
0
0
20
-20
-960
-100
0
0
0
0
0
0
20
-20
-1180
-100
0
0
0
0
0
0
20
-20
-300
-20
0
0
0
0
0
0
20
-20
-260
0
0
0
0
0
0
0
20
-20
-280
0
0
0
0
0
0
0
20
-20
-80
0
0
0
0
0
0
0
20
-20
-60
0
0
0
0
0
0
0
20
-20
-100
0
0
0
0
0
0
0
20
-20
-160
0
0
0
0
0
0
0
20
-20
-240
-40
0
0
0
0
0
0
20
-20
-360
-60
0
0
0
0
0
0
20
-20
-480
-60
0
0
0
0
0
0
20
-20
-480
-40
0
0
0
0
0
0
20
-20
0
0
0
0
0
0
0
0
20
-20
-60
0
0
0
0
0
0
0
20
-20
0
0
0
0
0
0
0
0
20
-20
-60
0
0
0
0
0
0
0
20
-20
-40
0
0
0
0
0
0
0
20
-20
-80
0
0
0
0
0
0
0
20
-20
-80
0
0
0
0
0
0
0
20
-20
-80
0
0
0
0
0
0
0
20
-20
-80
0
0
0
0
0
0
0
20
-20
-80
0
0
0
0
0
0
0
20
-20
-80
0
0
0
0
0
0
0
20
-20
-140
0
0
0
0
0
0
0
20
-20
-320
0
0
0
0
0
0
0
20
-20
-280
0
0
0
0
0
0
0
20
-20
-540
0
0
0
0
0
0
0
20
-20
-720
-20
0
0
0
0
0
0
20
-20
-800
-80
0
0
0
0
0
0
20
-20
-820
-20
0
0
0
0
0
0
20
-20
-780
-20
0
0
0
0
0
0
20
-20
-540
0
0
0
0
0
0
0
20
-20
-300
0
0
0
0
0
0
0
20
-20
-220
40
0
0
0
0
0
0
20
-20
-160
0
0
0
0
0
0
0
20
-20
0
0
0
0
0
0
0
0
20
-20
-60
0
0
0
0
0
0
0
20
-20
0
0
0
0
0
0
0
0
10
-10
-40
0
0
0
0
0
0
0
10
-10
-80
0
0
0
0
0
0
0
10
-10
-40
0
0
0
0
0
0
0
10
-10
0
0
0
0
0
0
0
0
10
-10
0
0
0
0
0
0
0
0
0
-10
0
0
0
0
0
0
0
0
0
0
0
0
0
0
0
0
0
0
0
0
-40
0
0
0
0
0
0
0
0
-10
0
0
0
0
0
0
0
0
0
-10
0
0
0
0
0
0
0
0
0
-10
0
0
0
0
0
0
0
0
10
-10
0
0
0
0
0
0
0
0
10
-10
-40
40
0
0
0
0
0
0
10
0
140
180
0
0
0
0
0
0
10
0
120
100
0
0
0
0
0
0
10
0
0
0
0
0
0
0
0
0
10
0
0
0
0
0
0
0
0
0
10
0
0
0
0
0
0
0
0
0
10
0
0
0
0
0
0
0
0
0
10
0
0
0
0
0
0
0
0
0
10
0
0
0
0
0
0
0
0
0
10
0
0
0
0
0
0
0
0
0
10
0
0
0
0
0
0
0
0
0
0
0
0
0
0
0
0
0
0
0
0
0
120
60
0
0
0
0
0
0
0
0
260
80
0
0
0
0
0
0
0
0
520
120
0
0
0
0
0
0
0
0
540
60
0
0
0
0
0
0
0
0
380
60
0
0
0
0
0
0
0
0
120
40
0
0
0
0
0
0
0
0
100
60
0
0
0
0
0
0
0
0
60
60
0
0
0
0
0
0
10
0
40
100
0
0
0
0
0
0
10
0
0
40
0
0
0
0
0
0
10
0
0
40
0
0
0
0
0
0
10
0
0
0
0
0
0
0
0
0
10
0
0
0
0
0
0
0
0
0
10
0
0
40
0
0
0
0
0
0
10
0
0
0
0
0
0
0
0
0
10
0
0
20
0
0
0
0
0
0
10
0
-60
40
0
0
0
0
0
0
10
0
-80
40
0
0
0
0
0
0
10
0
-80
20
0
0
0
0
0
0
10
0
-40
0
0
0
0
0
0
0
10
0
-80
0
0
0
0
0
0
0
10
0
-80
40
0
0
0
0
0
0
10
0
-80
0
0
0
0
0
0
0
10
0
-80
0
0
0
0
0
0
0
10
0
-40
0
0
0
0
0
0
0
10
0
-80
0
0
0
0
0
0
0
10
0
-80
-20
0
0
0
0
0
0
10
0
-180
-40
0
0
0
0
0
0
10
0
-40
0
0
0
0
0
0
0
10
0
0
0
0
0
0
0
0
0
10
0
0
0
0
0
0
0
0
0
10
0
-40
0
0
0
0
0
0
0
10
0
-80
-20
0
0
0
0
0
0
10
0
-100
-20
0
0
0
0
0
0
10
0
-160
0
0
0
0
0
0
0
10
0
-140
0
0
0
0
0
0
0
10
0
-140
0
0
0
0
0
0
0
10
0
-100
0
0
0
0
0
0
0
10
0
-80
0
0
0
0
0
0
0
10
0
0
0
0
0
0
0
0
0
10
0
0
0
0
0
0
0
0
0
10
0
0
0
0
0
0
0
0
0
10
0
0
0
0
0
0
0
0
0
10
0
0
0
0
0
0
0
0
0
10
0
0
0
0
0
0
0
0
0
10
0
0
0
0
0
0
0
0
0
10
0
0
0
0
0
0
0
0
0
10
0
0
0
0
0
0
0
0
0
10
0
0
0
0
0
0
0
0
0
10
0
0
0
0
0
0
0
0
0
10
0
0
0
0
0
0
0
0
0
10
0
-20
0
0
0
0
0
0
0
10
0
0
20
0
0
0
0
0
0
10
0
20
20
0
0
0
0
0
0
10
0
0
0
0
0
0
0
0
0
10
0
40
20
0
0
0
0
0
0
10
0
0
0
0
0
0
0
0
0
10
0
0
0
0
0
0
0
0
0
10
0
0
0
0
0
0
0
0
0
10
0
0
0
0
0
0
0
0
0
10
0
0
0
0
0
0
0
0
0
10
0
0
0
0
0
0
0
0
0
10
0
0
0
0
0
0
0
0
0
10
0
0
0
0
0
0
0
0
0
10
0
0
0
0
0
0
0
0
0
10
0
0
0
0
0
0
0
0
0
10
0
60
40
0
0
0
0
0
0
10
0
40
20
0
0
0
0
0
0
10
0
40
20
0
0
0
0
0
0
10
0
40
0
0
0
0
0
0
0
10
0
40
0
0
0
0
0
0
0
0
0
0
0
0
0
0
0
0
0
0
0
40
0
0
0
0
0
0
0
0
0
80
0
0
0
0
0
0
0
0
0
40
0
0
0
0
0
0
0
0
0
80
0
0
0
0
0
0
0
0
0
40
0
0
0
0
0
0
0
0
0
80
0
0
0
0
0
0
0
0
0
100
0
0
0
0
0
0
0
0
0
140
0
0
0
0
0
0
0
0
0
280
0
0
0
0
0
0
0
0
0
460
-20
0
0
0
0
0
0
0
0
1800
-60
0
0
0
0
0
0
0
0
2320
80
0
0
0
0
0
0
0
0
3600
680
0
0
0
0
0
0
0
0
4880
1320
0
0
0
0
0
0
0
0
5480
2000
0
0
0
0
0
0
0
0
5000
2640
0
0
0
0
0
0
0
0
2920
2600
0
0
0
0
0
0
0
0
1160
2800
0
0
0
0
0
0
0
0
-200
3240
0
0
0
0
0
0
0
0
-1520
3280
0
0
0
0
0
0
0
0
-2400
3240
0
0
0
0
0
0
0
0
-3200
3120
0
0
0
0
0
0
0
0
-4520
3680
0
0
0
0
0
0
0
0
-4640
3360
0
0
0
0
0
0
0
0
-5640
3440
0
0
0
0
0
0
0
0
-6640
3560
0
0
0
0
0
0
0
0
-6880
3240
0
0
0
0
0
0
0
0
-7080
2800
0
0
0
0
0
0
0
0
-7120
2160
0
0
0
0
0
0
0
0
-7720
1520
0
0
0
0
0
0
0
0
-7040
600
0
0
0
0
0
0
0
0
-6720
-200
0
0
0
0
0
0
0
0
-6880
-1920
0
0
0
0
0
0
0
0
-6200
-3120
0
0
0
0
0
0
0
0
-5760
-4280
0
0
0
0
0
0
0
0
-5520
-6360
0
0
0
0
0
0
0
0
-5920
-7660
0
0
0
0
0
0
0
0
-5320
-7660
0
0
0
0
0
0
0
0
-3520
-7660
0
0
0
0
0
0
0
0
-1720
-7660
0
0
0
0
0
0
0
0
200
-7660
0
0
0
0
0
0
0
0
2680
-7660
0
0
0
0
0
0
0
0
5480
-7660
0
0
0
0
0
0
0
0
7640
-7660
0
0
0
0
0
0
0
0
9480
-7660
0
0
0
0
0
0
0
0
10920
-5520
0
0
0
0
0
0
0
0
13660
-4080
0
0
0
0
0
0
0
0
13660
-2120
0
0
0
0
0
0
0
0
13660
400
0
0
0
0
0
0
0
0
13660
4080
0
0
0
0
0
0
0
0
13660
7440
0
0
0
0
0
0
0
0
13660
7680
0
0
0
0
0
0
0
0
13660
7680
0
0
0
0
0
0
0
0
13660
7680
0
0
0
0
0
0
0
0
13660
7680
0
0
0
0
0
0
0
0
13660
7680
0
0
0
0
0
0
0
0
4520
7680
0
0
0
0
0
0
0
0
120
7680
0
0
0
0
0
0
0
0
-4120
7680
0
0
0
0
0
0
0
0
-7600
7680
0
0
0
0
0
0
0
0
-9560
7680
0
0
0
0
0
0
0
0
-11600
7680
0
0
0
0
0
0
0
0
-13640
7680
0
0
0
0
0
0
0
0
-13640
7680
0
0
0
0
0
0
0
0
-13640
7000
0
0
0
0
0
0
0
0
-13640
6520
0
0
0
0
0
0
0
0
-13640
6400
0
0
0
0
0
0
0
0
-13640
5120
0
0
0
0
0
0
0
0
-13640
3400
0
0
0
0
0
0
0
0
-13640
2280
0
0
0
0
0
0
0
0
-13640
840
0
0
0
0
0
0
0
0
-13640
160
0
0
0
0
0
0
0
0
-13640
-240
0
0
0
0
0
0
0
0
-13640
-1200
0
0
0
0
0
0
0
0
-13640
-1920
0
0
0
0
0
0
0
0
-12400
-2240
0
0
0
0
0
0
0
0
-10840
-2920
0
0
0
0
0
0
0
0
-13640
-6120
0
0
0
0
0
0
0
0
-9200
-5440
0
0
0
0
0
0
0
0
-8400
-7480
0
0
0
0
0
0
0
0
-7600
-7660
0
0
0
0
0
0
0
0
-6200
-7660
0
0
0
0
0
0
0
0
-4960
-7660
0
0
0
0
0
0
0
0
-4000
-7660
0
0
0
0
0
0
0
0
-3240
-7660
0
0
0
0
0
0
0
0
-1480
-7660
0
0
0
0
0
0
0
0
120
-7660
0
0
0
0
0
0
0
0
2720
-7660
0
0
0
0
0
0
0
0
6920
-7660
0
0
0
0
0
0
0
0
9720
-7660
0
0
0
0
0
0
0
0
12600
-7660
0
0
0
0
0
0
0
0
13660
-7660
0
0
0
0
0
0
0
0
13660
-5520
0
0
0
0
0
0
0
0
13660
-1440
0
0
0
0
0
0
0
0
13660
1560
0
0
0
0
0
0
0
0
13660
4960
0
0
0
0
0
0
0
0
13660
7680
0
0
0
0
0
0
0
0
13660
7680
0
0
0
0
0
0
0
0
13660
7680
0
0
0
0
0
0
0
0
13660
7680
0
0
0
0
0
0
0
0
13660
7680
0
0
0
0
0
0
0
0
13660
7680
0
0
0
0
0
0
0
0
8840
7680
0
0
0
0
0
0
0
0
5200
7680
0
0
0
0
0
0
0
0
1840
7680
0
0
0
0
0
0
0
0
-2120
7680
0
0
0
0
0
0
0
0
-6200
7680
0
0
0
0
0
0
0
0
-10080
7680
0
0
0
0
0
0
0
0
-13640
7680
0
0
0
0
0
0
0
0
-13640
7240
0
0
0
0
0
0
0
0
-13640
5600
0
0
0
0
0
0
0
0
-13640
4480
0
0
0
0
0
0
0
0
-13640
3840
0
0
0
0
0
0
0
0
-13640
3440
0
0
0
0
0
0
0
0
-13640
840
0
0
0
0
0
0
0
0
-13640
200
0
0
0
0
0
0
0
0
-13640
-840
0
0
0
0
0
0
0
0
-13640
-2120
0
0
0
0
0
0
0
0
-13640
-4120
0
0
0
0
0
0
0
0
-13640
-7320
0
0
0
0
0
0
0
0
-13640
-7660
0
0
0
0
0
0
0
0
-13640
-7660
0
0
0
0
0
0
0
0
-13640
-7660
0
0
0
0
0
0
0
0
-13640
-7660
0
0
0
0
0
0
0
0
-13080
-7660
0
0
0
0
0
0
0
0
-12920
-7660
0
0
0
0
0
0
0
0
-12400
-7660
0
0
0
0
0
0
0
0
-10400
-7660
0
0
0
0
0
0
0
0
-11440
-7660
0
0
0
0
0
0
0
0
-3800
-7660
0
0
0
0
0
0
0
0
-1200
-7660
0
0
0
0
0
0
0
0
520
-7660
0
0
0
0
0
0
0
0
2000
-7660
0
0
0
0
0
0
0
0
3800
-7660
0
0
0
0
0
0
0
0
5840
-7660
0
0
0
0
0
0
0
0
7880
-7660
0
0
0
0
0
0
0
0
10800
-7660
0
0
0
0
0
0
0
0
13120
-7660
0
0
0
0
0
0
0
0
13660
-7660
0
0
0
0
0
0
0
0
13660
-7660
0
0
0
0
0
0
0
0
13660
-7660
0
0
0
0
0
0
0
0
13660
-7660
0
0
0
0
0
0
0
0
13660
-3840
0
0
0
0
0
0
0
0
13660
-1440
0
0
0
0
0
0
0
0
13660
1320
0
0
0
0
0
0
0
0
13660
4800
0
0
0
0
0
0
0
0
13660
7480
0
0
0
0
0
0
0
0
13660
7680
0
0
0
0
0
0
0
0
13660
7640
0
0
0
0
0
0
0
0
13660
5560
0
0
0
0
0
0
0
0
13660
3200
0
0
0
0
0
0
0
0
13660
2000
0
0
0
0
0
0
0
0
13660
2320
0
0
0
0
0
0
0
0
13240
920
0
0
0
0
0
0
0
0
5400
-2160
1
0
0
0
0
0
0
0
3000
-1920
1
0
0
0
0
0
0
0
1120
-1200
1
0
0
0
0
0
0
0
-420
-860
1
0
0
0
0
0
0
0
-2320
-1400
0
0
0
0
0
0
0
0
-5160
-2680
0
0
0
0
0
0
0
0
-9360
-4600
0
0
0
0
0
0
0
0
-13640
-7200
0
0
0
0
0
0
0
0
-13640
-7660
0
0
0
0
0
0
0
0
-13640
-6680
0
0
0
0
0
0
0
0
-13640
-6360
0
0
0
0
0
0
0
0
-10760
-1520
0
0
0
0
0
0
0
0
-13640
-1320
0
0
0
0
0
0
0
0
-13640
-1000
0
0
0
0
0
0
0
0
-13640
-760
0
0
0
0
0
0
0
0
-13640
-760
0
0
0
0
0
0
0
0
-13640
-720
0
0
0
0
0
0
0
0
-13640
-80
0
0
0
0
0
0
0
0
-13640
520
0
0
0
0
0
0
0
0
-13640
1760
0
0
0
0
0
0
0
0
-13640
2600
0
0
0
0
0
0
0
0
-13640
3320
0
0
0
0
0
0
0
0
-13640
3520
0
0
0
0
0
0
0
0
-13640
4280
0
0
0
0
0
0
0
0
-13640
7680
0
0
0
0
0
0
0
0
-13360
6360
0
0
0
0
0
0
0
0
-13640
7680
0
0
0
0
0
0
0
0
-12720
7680
0
0
0
0
0
0
0
0
-10240
7680
0
0
0
0
0
0
0
0
-7880
7680
0
0
0
0
0
0
0
0
-4760
7680
0
0
0
0
0
0
0
0
-1680
7680
0
0
0
0
0
0
0
0
1280
7680
0
0
0
0
0
0
0
0
5200
7680
0
0
0
0
0
0
0
0
10160
7440
0
0
0
0
0
0
0
0
13640
7200
0
0
0
0
0
0
0
0
13660
7680
0
0
0
0
0
0
0
0
13660
7680
0
0
0
0
0
0
0
0
13660
7520
0
0
0
0
0
0
0
0
13660
7680
0
0
0
0
0
0
0
0
13660
7680
0
0
0
0
0
0
0
0
13660
7680
0
0
0
0
0
0
0
0
13660
7680
0
0
0
0
0
0
0
0
13660
7680
0
0
0
0
0
0
0
0
13660
7680
0
0
0
0
0
0
0
0
13660
7680
0
0
0
0
0
0
0
0
13660
7680
0
0
0
0
0
0
0
0
13660
7680
0
0
0
0
0
0
0
0
5120
7680
0
0
0
0
0
0
0
0
1600
7680
0
0
0
0
0
0
0
0
-2600
7680
0
0
0
0
0
0
0
0
-6080
7680
0
0
0
0
0
0
0
0
-8360
7680
0
0
0
0
0
0
0
0
-9760
7680
0
0
0
0
0
0
0
0
-8800
7680
0
0
0
0
0
0
0
0
-7080
7680
0
0
0
0
0
0
0
0
-5480
7680
0
0
0
0
0
0
0
0
-3880
7680
0
0
0
0
0
0
0
0
-1040
6760
0
0
0
0
0
0
0
0
3120
7680
0
0
0
0
0
0
0
0
5560
5960
0
0
0
0
0
0
0
0
7560
5640
0
0
0
0
0
0
0
0
8560
4720
0
0
0
0
0
0
0
0
9720
3640
0
0
0
0
0
0
0
0
11480
2080
0
0
0
0
0
0
0
0
10440
-40
0
0
0
0
0
0
0
0
9480
-2600
0
0
0
0
0
0
0
0
9800
-5520
0
0
0
0
0
0
0
0
8120
-7200
0
0
0
0
0
0
0
0
6880
-7660
0
0
0
0
0
0
0
0
5680
-7660
0
0
0
0
0
0
0
0
7080
-7660
0
0
0
0
0
0
0
0
3120
-7660
0
0
0
0
0
0
0
0
2160
-7660
0
0
0
0
0
0
0
0
1160
-7660
0
0
0
0
0
0
0
0
400
-7660
0
0
0
0
0
0
0
0
-800
-7660
0
0
0
0
0
0
0
0
-2160
-7660
0
0
0
0
0
0
0
0
-4400
-7660
0
0
0
0
0
0
0
0
-5920
-7660
0
0
0
0
0
0
0
0
-7320
-7660
0
0
0
0
0
0
0
0
-11320
-7660
0
0
0
0
0
0
0
0
-6880
-7660
0
0
0
0
0
0
0
0
-5720
-7660
0
0
0
0
0
0
0
0
-5280
-7660
0
0
0
0
0
0
0
0
-4960
-7660
0
0
0
0
0
0
0
0
-3480
-7660
0
0
0
0
0
0
0
0
-1720
-7660
0
0
0
0
0
0
0
0
-960
-7660
0
0
0
0
0
0
0
0
200
-7660
0
0
0
0
0
0
0
0
1480
-7660
0
0
0
0
0
0
0
0
2520
-7660
0
0
0
0
0
0
0
0
2720
-7660
0
0
0
0
0
0
0
0
4080
-7660
0
0
0
0
0
0
0
0
5120
-7660
0
0
0
0
0
0
0
0
10000
-7660
0
0
0
0
0
0
0
0
7960
-7660
0
0
0
0
0
0
0
0
7720
-7660
0
0
0
0
0
0
0
0
6960
-7660
0
0
0
0
0
0
0
0
6080
-7660
0
0
0
0
0
0
0
0
5760
-7660
0
0
0
0
0
0
0
0
5280
-7660
0
0
0
0
0
0
0
0
5280
-7480
0
0
0
0
0
0
0
0
6040
-6720
0
0
0
0
0
0
0
0
7680
-5840
0
0
0
0
0
0
0
0
9560
-4000
0
0
0
0
0
0
0
0
10120
-2560
0
0
0
0
0
0
0
0
9400
-880
0
0
0
0
0
0
0
0
10520
1480
0
0
0
0
0
0
0
0
9640
3560
0
0
0
0
0
0
0
0
8360
5640
0
0
0
0
0
0
0
0
6600
7680
0
0
0
0
0
0
0
0
3160
7680
0
0
0
0
0
0
0
0
120
7680
0
0
0
0
0
0
0
0
-2320
7680
0
0
0
0
0
0
0
0
-4360
7680
0
0
0
0
0
0
0
0
-7720
7680
0
0
0
0
0
0
0
0
-4240
7680
0
0
0
0
0
0
0
0
-7160
7680
0
0
0
0
0
0
0
0
-6960
7680
0
0
0
0
0
0
0
0
-5800
7680
0
0
0
0
0
0
0
0
-5080
7680
0
0
0
0
0
0
0
0
-4840
7680
0
0
0
0
0
0
0
0
-5280
7680
0
0
0
0
0
0
0
0
-6920
7680
0
0
0
0
0
0
0
0
-9720
7680
0
0
0
0
0
0
0
0
-11600
7680
0
0
0
0
0
0
0
0
-11200
7680
0
0
0
0
0
0
0
0
-10840
7680
0
0
0
0
0
0
0
0
-13640
7680
0
0
0
0
0
0
0
0
-8000
7680
0
0
0
0
0
0
0
0
-11120
7680
0
0
0
0
0
0
0
0
-12800
7680
0
0
0
0
0
0
0
0
-13000
7680
0
0
0
0
0
0
0
0
-13640
7680
0
0
0
0
0
0
0
0
-13640
6560
0
0
0
0
0
0
0
0
-13160
3360
0
0
0
0
0
0
0
0
-11760
1160
0
0
0
0
0
0
0
0
-11800
-280
0
0
0
0
0
0
0
0
-10400
-1600
0
0
0
0
0
0
0
0
-9240
-2760
0
0
0
0
0
0
0
0
-9280
-4880
0
0
0
0
0
0
0
0
-8320
-5840
0
0
0
0
0
0
0
0
-7280
-6840
0
0
0
0
0
0
0
0
-6840
-7660
0
0
0
0
0
0
0
0
-5880
-7660
1
0
0
0
0
0
0
0
-4720
-7660
1
0
0
0
0
0
0
0
-3080
-7660
1
0
0
0
0
0
0
0
-1360
-7660
1
0
0
0
0
0
0
0
240
-7660
1
0
0
0
0
0
0
0
2280
-7660
1
0
0
0
0
0
0
0
4240
-7660
1
0
0
0
0
0
0
0
6600
-7660
1
0
0
0
0
0
0
0
7960
-7660
1
0
0
0
0
0
0
0
9920
-7660
1
0
0
0
0
0
0
0
10960
-7660
1
0
0
0
0
0
0
0
13320
-7660
1
0
0
0
0
0
0
0
13440
-6920
1
0
0
0
0
0
0
0
13660
-4880
1
0
0
0
0
0
0
0
13560
-3120
1
0
0
0
0
0
0
0
13660
-1040
1
0
0
0
0
0
0
0
12520
1040
1
0
0
0
0
0
0
0
11640
2520
1
0
0
0
0
0
0
0
11560
4280
1
0
0
0
0
0
0
0
9600
4600
1
0
0
0
0
0
0
0
8760
5800
1
0
0
0
0
0
0
0
7240
6560
1
0
0
0
0
0
0
0
5800
7680
1
0
0
0
0
0
0
0
4160
7680
1
0
0
0
0
0
0
0
2400
7680
1
0
0
0
0
0
0
0
1320
7680
1
0
0
0
0
0
0
0
400
7680
1
0
0
0
0
0
0
0
-1240
7680
1
0
0
0
0
0
0
0
-2280
7680
1
0
0
0
0
0
0
0
-3480
7680
1
0
0
0
0
0
0
0
-4200
7680
1
0
0
0
0
0
0
0
-5520
7680
1
0
0
0
0
0
0
0
-6680
7680
1
0
0
0
0
0
0
0
-9080
7680
1
0
0
0
0
0
0
0
-11240
7680
1
0
0
0
0
0
0
0
-13400
7680
1
0
0
0
0
0
0
0
-13640
7680
1
0
0
0
0
0
0
0
-13640
7680
1
0
0
0
0
0
0
0
-13640
7680
1
0
0
0
0
0
0
0
-13640
4400
1
0
0
0
0
0
0
0
-6680
720
1
0
0
0
0
0
0
0
-5000
-760
1
0
0
0
0
0
0
0
-13640
-320
1
0
0
0
0
0
0
0
-13640
-1080
1
0
0
0
0
0
0
0
-13640
-2560
1
0
0
0
0
0
0
0
-13640
-4200
1
0
0
0
0
0
0
0
-13280
-6720
1
0
0
0
0
0
0
0
-11160
-6840
1
0
0
0
0
0
0
0
-9280
-7480
1
0
0
0
0
0
0
0
-9160
-7660
1
0
0
0
0
0
0
0
-8920
-7660
1
0
0
0
0
0
0
0
-7800
-7660
1
0
0
0
0
0
0
0
-8040
-7660
1
0
0
0
0
0
0
0
-3280
-7660
1
0
0
0
0
0
0
0
-1360
-7660
1
0
0
0
0
0
0
0
200
-7660
1
0
0
0
0
0
0
0
1960
-7660
1
0
0
0
0
0
0
0
3920
-7660
1
0
0
0
0
0
0
0
5560
-7660
1
0
0
0
0
0
0
0
6880
-7660
1
0
0
0
0
0
0
0
8600
-7600
1
0
0
0
0
0
0
0
9760
-4360
1
0
0
0
0
0
0
0
9160
-1680
1
0
0
0
0
0
0
0
9360
0
1
0
0
0
0
0
0
0
10200
1280
1
0
0
0
0
0
0
0
10040
2040
1
0
0
0
0
0
0
0
9080
2680
1
0
0
0
0
0
0
0
13200
5280
1
0
0
0
0
0
0
0
8360
5120
1
0
0
0
0
0
0
0
6560
5240
1
0
0
0
0
0
0
0
5960
5960
1
0
0
0
0
0
0
0
6000
6880
1
0
0
0
0
0
0
0
5360
6600
1
0
0
0
0
0
0
0
4880
6800
1
0
0
0
0
0
0
0
3640
6880
1
0
0
0
0
0
0
0
1360
6080
1
0
0
0
0
0
0
0
-1000
5480
1
0
0
0
0
0
0
0
-3000
5360
1
0
0
0
0
0
0
0
-4920
5640
1
0
0
0
0
0
0
0
-9480
7680
1
0
0
0
0
0
0
0
-8160
5200
1
0
0
0
0
0
0
0
-10920
5760
1
0
0
0
0
0
0
0
-11840
4720
1
0
0
0
0
0
0
0
-12960
3720
1
0
0
0
0
0
0
0
-13440
3560
1
0
0
0
0
0
0
0
-13640
3280
1
0
0
0
0
0
0
0
-13640
2200
1
0
0
0
0
0
0
0
-13640
1080
1
0
0
0
0
0
0
0
-13640
200
1
0
0
0
0
0
0
0
-12920
-880
1
0
0
0
0
0
0
0
-13640
-2200
1
0
0
0
0
0
0
0
-13640
-3240
1
0
0
0
0
0
0
0
-13640
-4720
1
0
0
0
0
0
0
0
-12640
-5600
1
0
0
0
0
0
0
0
-11120
-6160
1
0
0
0
0
0
0
0
-13640
-7660
1
0
0
0
0
0
0
0
-10400
-7660
1
0
0
0
0
0
0
0
-9000
-7660
1
0
0
0
0
0
0
0
-7440
-7660
1
0
0
0
0
0
0
0
-7120
-7660
1
0
0
0
0
0
0
0
-5320
-7660
1
0
0
0
0
0
0
0
-3080
-7660
1
0
0
0
0
0
0
0
-1360
-7660
1
0
0
0
0
0
0
0
-360
-7660
1
0
0
0
0
0
0
0
1280
-7660
1
0
0
0
0
0
0
0
3680
-7660
1
0
0
0
0
0
0
0
6800
-7660
1
0
0
0
0
0
0
0
8400
-7660
1
0
0
0
0
0
0
0
10760
-7660
1
0
0
0
0
0
0
0
13360
-7660
1
0
0
0
0
0
0
0
13660
-7660
1
0
0
0
0
0
0
0
13660
-7660
1
0
0
0
0
0
0
0
13660
-7200
1
0
0
0
0
0
0
0
13660
-5960
1
0
0
0
0
0
0
0
13660
-4160
1
0
0
0
0
0
0
0
13660
-2480
1
0
0
0
0
0
0
0
13660
-1400
1
0
0
0
0
0
0
0
13660
-400
1
0
0
0
0
0
0
0
13660
1560
1
0
0
0
0
0
0
0
13660
3040
1
0
0
0
0
0
0
0
13660
4640
1
0
0
0
0
0
0
0
13660
6160
1
0
0
0
0
0
0
0
13280
7160
1
0
0
0
0
0
0
0
10520
7680
1
0
0
0
0
0
0
0
8320
7680
1
0
0
0
0
0
0
0
7760
7680
1
0
0
0
0
0
0
0
6480
7680
1
0
0
0
0
0
0
0
4680
7680
1
0
0
0
0
0
0
0
4000
7680
1
0
0
0
0
0
0
0
2120
7680
1
0
0
0
0
0
0
0
440
7680
1
0
0
0
0
0
0
0
-1080
7680
1
0
0
0
0
0
0
0
-3040
7680
1
0
0
0
0
0
0
0
-3720
7680
1
0
0
0
0
0
0
0
-4880
7680
1
0
0
0
0
0
0
0
-5960
7680
1
0
0
0
0
0
0
0
-11280
7680
1
0
0
0
0
0
0
0
-10520
7560
1
0
0
0
0
0
0
0
-10960
6080
1
0
0
0
0
0
0
0
-9880
2240
1
0
0
0
0
0
0
0
-8760
0
1
0
0
0
0
0
0
0
-7800
-2160
1
0
0
0
0
0
0
0
-6480
-3400
1
0
0
0
0
0
0
0
-6480
-4440
1
0
0
0
0
0
0
0
-6960
-5280
1
0
0
0
0
0
0
0
-8440
-6920
1
0
0
0
0
0
0
0
-8480
-7040
1
0
0
0
0
0
0
0
-8680
-7080
1
0
0
0
0
0
0
0
-8960
-7240
1
0
0
0
0
0
0
0
-10440
-7660
1
0
0
0
0
0
0
0
-10440
-7280
1
0
0
0
0
0
0
0
-10680
-7120
1
0
0
0
0
0
0
0
-10680
-7560
1
0
0
0
0
0
0
0
-13640
-7660
1
0
0
0
0
0
0
0
-8440
-6200
1
0
0
0
0
0
0
0
-8000
-5000
1
0
0
0
0
0
0
0
-9200
-4680
1
0
0
0
0
0
0
0
-7480
-3440
1
0
0
0
0
0
0
0
-6760
-2920
1
0
0
0
0
0
0
0
-5480
-2000
1
0
0
0
0
0
0
0
-3360
-840
1
0
0
0
0
0
0
0
-1320
-120
1
0
0
0
0
0
0
0
-340
600
1
0
0
0
0
0
0
0
600
1600
1
0
0
0
0
0
0
0
1760
2600
1
0
0
0
0
0
0
0
3440
4600
1
0
0
0
0
0
0
0
3160
3800
1
0
0
0
0
0
0
0
4520
4720
1
0
0
0
0
0
0
0
5320
5240
1
0
0
0
0
0
0
0
5840
5520
1
0
0
0
0
0
0
0
6480
5800
1
0
0
0
0
0
0
0
7160
6160
1
0
0
0
0
0
0
0
6600
5720
1
0
0
0
0
0
0
0
6080
5360
1
0
0
0
0
0
0
0
6400
5440
1
0
0
0
0
0
0
0
6240
4880
1
0
0
0
0
0
0
0
7160
4480
1
0
0
0
0
0
0
0
8200
4040
1
0
0
0
0
0
0
0
10160
3320
1
0
0
0
0
0
0
0
10320
1760
1
0
0
0
0
0
0
0
10480
600
1
0
0
0
0
0
0
0
11240
-520
1
0
0
0
0
0
0
0
10920
-1560
1
0
0
0
0
0
0
0
13660
-4160
1
0
0
0
0
0
0
0
7800
-3640
1
0
0
0
0
0
0
0
7600
-4680
1
0
0
0
0
0
0
0
6520
-4920
1
0
0
0
0
0
0
0
5840
-4880
1
0
0
0
0
0
0
0
5400
-4880
1
0
0
0
0
0
0
0
5560
-4960
1
0
0
0
0
0
0
0
4560
-4160
1
0
0
0
0
0
0
0
3440
-3320
1
0
0
0
0
0
0
0
2120
-2520
1
0
0
0
0
0
0
0
680
-1680
1
0
0
0
0
0
0
0
-840
-1160
1
0
0
0
0
0
0
0
-2560
-920
1
0
0
0
0
0
0
0
-4440
-520
1
0
0
0
0
0
0
0
-5840
-200
1
0
0
0
0
0
0
0
-11320
-160
1
0
0
0
0
0
0
0
-9200
-240
1
0
0
0
0
0
0
0
-10800
-640
1
0
0
0
0
0
0
0
-10280
-680
1
0
0
0
0
0
0
0
-9680
-600
1
0
0
0
0
0
0
0
-9560
-440
1
0
0
0
0
0
0
0
-8320
-320
1
0
0
0
0
0
0
0
-6880
-240
1
0
0
0
0
0
0
0
-6000
-200
1
0
0
0
0
0
0
0
-6240
-160
1
0
0
0
0
0
0
0
-6240
-40
1
0
0
0
0
0
0
0
-6320
240
1
0
0
0
0
0
0
0
-6680
1040
1
0
0
0
0
0
0
0
-6280
1720
1
0
0
0
0
0
0
0
-8080
3720
1
0
0
0
0
0
0
0
-4400
3200
1
0
0
0
0
0
0
0
-2880
3080
1
0
0
0
0
0
0
0
-1600
2960
1
0
0
0
0
0
0
0
-400
2920
1
0
0
0
0
0
0
0
760
2520
1
0
0
0
0
0
0
0
1960
2240
1
0
0
0
0
0
0
0
3200
2240
1
0
0
0
0
0
0
0
4840
2360
1
0
0
0
0
0
0
0
5640
2480
1
0
0
0
0
0
0
0
6040
2480
1
0
0
0
0
0
0
0
9920
3800
1
0
0
0
0
0
0
0
6760
2720
1
0
0
0
0
0
0
0
6280
2640
1
0
0
0
0
0
0
0
6080
2760
1
0
0
0
0
0
0
0
6600
2880
1
0
0
0
0
0
0
0
6800
2520
1
0
0
0
0
0
0
0
7080
2040
1
0
0
0
0
0
0
0
7920
1280
1
0
0
0
0
0
0
0
9760
400
1
0
0
0
0
0
0
0
10040
-80
1
0
0
0
0
0
0
0
10640
-800
1
0
0
0
0
0
0
0
11200
-1560
1
0
0
0
0
0
0
0
13080
-2520
1
0
0
0
0
0
0
0
13660
-4800
1
0
0
0
0
0
0
0
9760
-3760
1
0
0
0
0
0
0
0
9240
-4200
1
0
0
0
0
0
0
0
7440
-4480
1
0
0
0
0
0
0
0
5360
-4160
1
0
0
0
0
0
0
0
3440
-3720
1
0
0
0
0
0
0
0
1600
-3600
1
0
0
0
0
0
0
0
160
-3560
1
0
0
0
0
0
0
0
-1000
-3440
1
0
0
0
0
0
0
0
-1960
-3440
1
0
0
0
0
0
0
0
-3080
-3920
1
0
0
0
0
0
0
0
-3960
-3720
1
0
0
0
0
0
0
0
-5160
-3720
1
0
0
0
0
0
0
0
-6640
-3720
1
0
0
0
0
0
0
0
-8840
-4080
1
0
0
0
0
0
0
0
-9200
-3440
1
0
0
0
0
0
0
0
-9680
-2800
1
0
0
0
0
0
0
0
-13640
-2960
1
0
0
0
0
0
0
0
-10400
-1240
1
0
0
0
0
0
0
0
-9880
-640
1
0
0
0
0
0
0
0
-9840
-200
1
0
0
0
0
0
0
0
-11560
440
1
0
0
0
0
0
0
0
-10680
1040
1
0
0
0
0
0
0
0
-10880
2200
1
0
0
0
0
0
0
0
-11800
3920
1
0
0
0
0
0
0
0
-11280
4880
1
0
0
0
0
0
0
0
-10560
5400
1
0
0
0
0
0
0
0
-9600
6080
1
0
0
0
0
0
0
0
-8680
6600
1
0
0
0
0
0
0
0
-6920
6280
1
0
0
0
0
0
0
0
-5720
6840
1
0
0
0
0
0
0
0
-2680
7680
1
0
0
0
0
0
0
0
-480
7360
1
0
0
0
0
0
0
0
1360
6960
1
0
0
0
0
0
0
0
3120
6760
1
0
0
0
0
0
0
0
5120
7080
1
0
0
0
0
0
0
0
5880
6080
1
0
0
0
0
0
0
0
7640
6440
1
0
0
0
0
0
0
0
9480
6920
1
0
0
0
0
0
0
0
10360
6400
1
0
0
0
0
0
0
0
10600
5600
1
0
0
0
0
0
0
0
11360
4280
1
0
0
0
0
0
0
0
13120
3000
1
0
0
0
0
0
0
0
13660
1320
1
0
0
0
0
0
0
0
13660
160
1
0
0
0
0
0
0
0
13660
-600
1
0
0
0
0
0
0
0
13660
-1640
1
0
0
0
0
0
0
0
13660
-2600
1
0
0
0
0
0
0
0
13660
-3800
1
0
0
0
0
0
0
0
13660
-5200
1
0
0
0
0
0
0
0
13660
-6280
1
0
0
0
0
0
0
0
13520
-7240
1
0
0
0
0
0
0
0
11920
-7660
1
0
0
0
0
0
0
0
10920
-7660
1
0
0
0
0
0
0
0
8480
-7660
1
0
0
0
0
0
0
0
5880
-7660
1
0
0
0
0
0
0
0
1680
-7660
1
0
0
0
0
0
0
0
-2360
-7660
1
0
0
0
0
0
0
0
-6160
-7660
1
0
0
0
0
0
0
0
-9600
-7660
1
0
0
0
0
0
0
0
-12760
-6640
1
0
0
0
0
0
0
0
-13640
-5080
1
0
0
0
0
0
0
0
-13640
-2760
1
0
0
0
0
0
0
0
-13640
-1040
1
0
0
0
0
0
0
0
-13640
-120
1
0
0
0
0
0
0
0
-13640
560
1
0
0
0
0
0
0
0
-13640
1640
1
0
0
0
0
0
0
0
-13640
2360
1
0
0
0
0
0
0
0
-8520
1520
1
0
0
0
0
0
0
0
-9880
3080
1
0
0
0
0
0
0
0
-10040
4120
1
0
0
0
0
0
0
0
-7960
3640
1
0
0
0
0
0
0
0
-5400
2880
1
0
0
0
0
0
0
0
-3960
2760
1
0
0
0
0
0
0
0
-2280
2280
1
0
0
0
0
0
0
0
-1080
1680
1
0
0
0
0
0
0
0
-280
1520
1
0
0
0
0
0
0
0
600
1680
0
0
0
0
0
0
0
0
1360
1960
0
0
0
0
0
0
0
0
1600
1800
0
0
0
0
0
0
0
0
1560
1560
0
0
0
0
0
0
0
0
1600
1040
0
0
0
0
0
0
0
0
1800
520
0
0
0
0
0
0
0
0
2240
120
0
0
0
0
0
0
0
0
2640
-40
0
0
0
0
0
0
0
0
3320
-320
0
0
0
0
0
0
0
0
3280
-400
0
0
0
0
0
0
0
0
3640
-360
0
0
0
0
0
0
0
0
3960
-400
0
0
0
0
0
0
0
0
7400
-800
0
0
0
0
0
0
0
0
4760
-520
0
0
0
0
0
0
0
0
4640
-440
0
0
0
0
0
0
0
0
4360
-240
0
0
0
0
0
0
0
0
3960
-120
0
0
0
0
0
0
0
0
3200
-80
0
0
0
0
0
0
0
0
2280
-200
0
0
0
0
0
0
0
0
1400
-360
0
0
0
0
0
0
0
0
720
-520
0
0
0
0
0
0
0
0
360
-920
0
0
0
0
0
0
0
0
120
-1120
0
0
0
0
0
0
0
0
0
-1040
0
0
0
0
0
0
0
0
80
-800
0
0
0
0
0
0
0
0
0
-500
0
0
0
0
0
0
0
0
-140
-80
0
0
0
0
0
0
0
0
-680
-20
0
0
0
0
0
0
0
0
-1520
80
0
0
0
0
0
0
0
0
-2200
200
0
0
0
0
0
0
0
0
-2360
200
0
0
0
0
0
0
0
0
-2160
280
0
0
0
0
0
0
0
0
-1960
120
0
0
0
0
0
0
0
0
-1840
40
0
0
0
0
0
0
0
0
-1560
-240
1
0
0
0
0
0
0
0
-1960
-440
1
0
0
0
0
0
0
0
-2360
-400
1
0
0
0
0
0
0
0
-2640
-200
1
0
0
0
0
0
0
0
-3160
-40
1
0
0
0
0
0
0
0
-5720
120
1
0
0
0
0
0
0
0
-4480
80
1
0
0
0
0
0
0
0
-4680
0
1
0
0
0
0
0
0
0
-4400
-40
1
0
0
0
0
0
0
0
-3960
-280
1
0
0
0
0
0
0
0
-3360
-520
1
0
0
0
0
0
0
0
-2920
-800
1
0
0
0
0
0
0
0
-1880
-920
1
0
0
0
0
0
0
0
-1360
-1200
1
0
0
0
0
0
0
0
-1120
-1360
1
0
0
0
0
0
0
0
-1080
-1560
1
0
0
0
0
0
0
0
-1000
-1160
1
0
0
0
0
0
0
0
-880
-680
1
0
0
0
0
0
0
0
-540
-340
1
0
0
0
0
0
0
0
-140
40
1
0
0
0
0
0
0
0
-100
220
1
0
0
0
0
0
0
0
-300
460
1
0
0
0
0
0
0
0
-880
1000
1
0
0
0
0
0
0
0
-1920
1680
1
0
0
0
0
0
0
0
-1760
1600
1
0
0
0
0
0
0
0
-960
1400
1
0
0
0
0
0
0
0
520
1240
1
0
0
0
0
0
0
0
2800
1480
1
0
0
0
0
0
0
0
4680
1800
1
0
0
0
0
0
0
0
6720
1840
1
0
0
0
0
0
0
0
7520
1760
1
0
0
0
0
0
0
0
5840
1000
1
0
0
0
0
0
0
0
4480
560
1
0
0
0
0
0
0
0
3720
240
1
0
0
0
0
0
0
0
6640
160
1
0
0
0
0
0
0
0
5920
0
1
0
0
0
0
0
0
0
7560
-120
1
0
0
0
0
0
0
0
9360
-280
1
0
0
0
0
0
0
0
8800
-200
1
0
0
0
0
0
0
0
7880
-280
1
0
0
0
0
0
0
0
6720
-200
1
0
0
0
0
0
0
0
5880
40
1
0
0
0
0
0
0
0
4440
280
1
0
0
0
0
0
0
0
3720
440
1
0
0
0
0
0
0
0
3360
480
1
0
0
0
0
0
0
0
3760
240
1
0
0
0
0
0
0
0
6720
160
1
0
0
0
0
0
0
0
5600
-80
1
0
0
0
0
0
0
0
6240
-160
1
0
0
0
0
0
0
0
5160
-120
1
0
0
0
0
0
0
0
3760
-80
1
0
0
0
0
0
0
0
2480
-80
1
0
0
0
0
0
0
0
1640
-240
1
0
0
0
0
0
0
0
1240
-400
1
0
0
0
0
0
0
0
1240
-840
1
0
0
0
0
0
0
0
1560
-1280
1
0
0
0
0
0
0
0
2200
-2200
1
0
0
0
0
0
0
0
2360
-2800
1
0
0
0
0
0
0
0
2520
-3440
1
0
0
0
0
0
0
0
2320
-4000
1
0
0
0
0
0
0
0
1560
-4520
1
0
0
0
0
0
0
0
-240
-3520
1
0
0
0
0
0
0
0
-1640
-2840
1
0
0
0
0
0
0
0
-3640
-2800
1
0
0
0
0
0
0
0
-5280
-2560
1
0
0
0
0
0
0
0
-6720
-2360
1
0
0
0
0
0
0
0
-7320
-1760
1
0
0
0
0
0
0
0
-8880
-800
1
0
0
0
0
0
0
0
-8560
-200
1
0
0
0
0
0
0
0
-9200
480
1
0
0
0
0
0
0
0
-9560
1080
1
0
0
0
0
0
0
0
-9640
1520
1
0
0
0
0
0
0
0
-10320
1360
1
0
0
0
0
0
0
0
-11480
960
1
0
0
0
0
0
0
0
-13640
760
1
0
0
0
0
0
0
0
-8600
600
1
0
0
0
0
0
0
0
-7040
520
1
0
0
0
0
0
0
0
-5960
560
1
0
0
0
0
0
0
0
-5080
640
1
0
0
0
0
0
0
0
-3240
640
1
0
0
0
0
0
0
0
-1200
320
1
0
0
0
0
0
0
0
-160
180
1
0
0
0
0
0
0
0
1240
400
1
0
0
0
0
0
0
0
2760
480
1
0
0
0
0
0
0
0
3880
240
1
0
0
0
0
0
0
0
4520
40
1
0
0
0
0
0
0
0
5320
120
1
0
0
0
0
0
0
0
6880
760
1
0
0
0
0
0
0
0
8480
1240
1
0
0
0
0
0
0
0
8800
1800
0
0
0
0
0
0
0
0
8520
1880
0
0
0
0
0
0
0
0
7600
1640
0
0
0
0
0
0
0
0
6520
1080
0
0
0
0
0
0
0
0
5320
760
0
0
0
0
0
0
0
0
4880
600
0
0
0
0
0
0
0
0
4560
520
0
0
0
0
0
0
0
0
3680
360
0
0
0
0
0
0
0
0
2800
120
0
0
0
0
0
0
0
0
3040
-440
0
0
0
0
0
0
0
0
1160
-760
0
0
0
0
0
0
0
0
760
-1240
0
0
0
0
0
0
0
0
600
-1680
0
0
0
0
0
0
0
0
520
-2200
0
0
0
0
0
0
0
0
160
-2240
0
0
0
0
0
0
0
0
-160
-2120
0
0
0
0
0
0
0
0
-560
-1920
0
0
0
0
0
0
0
0
-720
-1480
0
0
0
0
0
0
0
0
-680
-920
0
0
0
0
0
0
0
0
-920
-560
0
0
0
0
0
0
0
0
-660
0
0
0
0
0
0
0
0
0
-900
220
0
0
0
0
0
0
0
0
-1380
240
0
0
0
0
0
0
0
0
-1720
240
0
0
0
0
0
0
0
0
-1680
200
0
0
0
0
0
0
0
0
-1760
120
0
0
0
0
0
0
0
0
-1960
160
0
0
0
0
0
0
0
0
-1880
160
0
0
0
0
0
0
0
0
-2280
320
0
0
0
0
0
0
0
0
-1120
280
0
0
0
0
0
0
0
0
-680
160
0
0
0
0
0
0
0
0
-240
40
0
0
0
0
0
0
0
0
0
0
0
0
0
0
0
0
0
0
0
0
0
0
0
0
0
0
0
0
0
0
0
0
0
0
0
0
0
0
-140
40
0
0
0
0
0
0
0
0
-140
120
0
0
0
0
0
0
0
0
-140
700
0
0
0
0
0
0
0
0
-80
820
0
0
0
0
0
0
0
0
120
1120
0
0
0
0
0
0
0
0
160
800
0
0
0
0
0
0
0
0
80
520
0
0
0
0
0
0
0
0
80
440
0
0
0
0
0
0
0
0
160
380
0
0
0
0
0
0
0
0
160
320
0
0
0
0
0
0
0
0
180
340
0
0
0
0
0
0
0
0
300
380
0
0
0
0
0
0
0
0
460
460
0
0
0
0
0
0
0
0
900
740
0
0
0
0
0
0
0
0
540
400
0
0
0
0
0
0
0
0
360
220
0
0
0
0
0
0
0
0
280
140
0
0
0
0
0
0
0
0
220
120
0
0
0
0
0
0
0
0
140
40
0
0
0
0
0
0
0
0
60
40
0
0
0
0
0
0
0
0
0
0
0
0
0
0
0
0
0
0
60
0
0
0
0
0
0
0
0
0
80
-40
0
0
0
0
0
0
0
0
120
-120
0
0
0
0
0
0
0
0
160
-160
0
0
0
0
0
0
0
0
240
-220
0
0
0
0
0
0
0
0
240
-200
0
0
0
0
0
0
0
0
240
-220
0
0
0
0
0
0
0
0
220
-240
0
0
0
0
0
0
0
0
120
-220
0
0
0
0
0
0
0
0
40
-280
0
0
0
0
0
0
0
0
0
-300
0
0
0
0
0
0
0
0
40
-200
0
0
0
0
0
0
0
0
40
-120
0
0
0
0
0
0
0
0
0
-80
0
0
0
0
0
0
0
0
0
-80
0
0
0
0
0
0
0
0
-20
-80
0
0
0
0
0
0
0
0
-140
-100
0
0
0
0
0
0
0
0
-180
-40
0
0
0
0
0
0
0
0
-180
0
0
0
0
0
0
0
0
0
-200
-20
0
0
0
0
0
0
0
0
-280
-40
0
0
0
0
0
0
0
0
-360
-20
0
0
0
0
0
0
0
0
-580
-20
0
0
0
0
0
0
0
0
-820
-20
0
0
0
0
0
0
0
0
-1060
-20
0
0
0
0
0
0
0
0
-1180
-20
0
0
0
0
0
0
0
0
-1340
0
0
0
0
0
0
0
0
0
-2000
0
0
0
0
0
0
0
0
0
-1520
-80
0
0
0
0
0
0
0
0
-1600
-160
0
0
0
0
0
0
0
0
-1640
-280
0
0
0
0
0
0
0
0
-1640
-280
0
0
0
0
0
0
0
0
-1680
-240
0
0
0
0
0
0
0
0
-1880
-200
0
0
0
0
0
0
0
0
-1880
-160
0
0
0
0
0
0
0
0
-1800
-120
0
0
0
0
0
0
0
0
-1880
0
0
0
0
0
0
0
0
0
-1760
-40
0
0
0
0
0
0
0
0
-1680
-80
0
0
0
0
0
0
0
0
-1560
-120
0
0
0
0
0
0
0
0
-1360
-80
0
0
0
0
0
0
0
0
-1120
0
0
0
0
0
0
0
0
0
-920
-80
0
0
0
0
0
0
0
0
-760
0
0
0
0
0
0
0
0
0
-960
0
0
0
0
0
0
0
0
0
-560
0
0
0
0
0
0
0
0
0
-540
40
0
0
0
0
0
0
0
0
-760
120
0
0
0
0
0
0
0
0
-800
160
0
0
0
0
0
0
0
0
-780
120
0
0
0
0
0
0
0
0
-860
120
0
0
0
0
0
0
0
0
-1020
160
0
0
0
0
0
0
0
0
-1140
40
0
0
0
0
0
0
0
0
-1160
0
0
0
0
0
0
0
0
0
-1400
0
0
0
0
0
0
0
0
0
-1240
80
0
0
0
0
0
0
0
0
-1160
160
0
0
0
0
0
0
0
0
-1800
200
0
0
0
0
0
0
0
0
-1160
160
0
0
0
0
0
0
0
0
-1120
120
0
0
0
0
0
0
0
0
-1280
80
0
0
0
0
0
0
0
0
-1080
80
0
0
0
0
0
0
0
0
-920
40
0
0
0
0
0
0
0
0
-840
40
0
0
0
0
0
0
0
0
-840
40
0
0
0
0
0
0
0
0
-720
40
0
0
0
0
0
0
0
0
-480
0
0
0
0
0
0
0
0
0
-340
80
0
0
0
0
0
0
0
0
-240
0
0
0
0
0
0
0
0
0
-180
0
0
0
0
0
0
0
0
0
-220
0
0
0
0
0
0
0
0
0
-260
0
0
0
0
0
0
0
0
0
-460
0
0
0
0
0
0
0
0
0
-300
60
0
0
0
0
0
0
0
0
-400
0
0
0
0
0
0
0
0
0
-420
-20
0
0
0
0
0
0
0
0
-500
-20
0
0
0
0
0
0
0
0
-580
-120
0
0
0
0
0
0
0
0
-640
-20
0
0
0
0
0
0
0
0
-700
-60
0
0
0
0
0
0
0
0
-740
0
0
0
0
0
0
0
0
0
-660
0
0
0
0
0
0
0
0
0
-540
0
0
0
0
0
0
0
0
0
-400
0
0
0
0
0
0
0
0
0
-340
40
0
0
0
0
0
0
0
0
-220
0
0
0
0
0
0
0
0
0
-200
0
0
0
0
0
0
0
0
0
-100
0
0
0
0
0
0
0
0
0
-120
0
0
0
0
0
0
0
0
0
-200
0
0
0
0
0
0
0
0
0
-320
-20
0
0
0
0
0
0
0
0
-1700
-300
0
0
0
0
0
0
0
0
-2040
-400
0
0
0
0
0
0
0
0
-2080
-320
0
0
0
0
0
0
0
0
-1720
-160
0
0
0
0
0
0
0
0
-1280
-40
0
0
0
0
0
0
0
0
-720
0
0
0
0
0
0
0
0
0
-440
0
0
0
0
0
0
0
0
0
-120
0
0
0
0
0
0
0
0
0
0
0
0
0
0
0
0
0
0
0
0
0
0
0
0
0
0
0
0
0
0
0
0
0
0
0
0
0
0
0
0
0
0
0
0
0
0
0
0
0
0
0
0
0
0
0
0
0
0
0
0
0
0
0
0
0
0
0
0
0
-160
0
0
0
0
0
0
0
0
0
-100
0
0
0
0
0
0
0
0
0
-160
80
0
0
0
0
0
0
0
0
-260
80
0
0
0
0
0
0
0
0
-520
40
0
0
0
0
0
0
0
0
-1020
0
0
0
0
0
0
0
0
0
-1540
0
0
0
0
0
0
0
0
0
-1680
0
0
0
0
0
0
0
0
0
-1480
0
0
0
0
0
0
0
0
0
-1320
40
0
0
0
0
0
0
0
0
-1320
40
0
0
0
0
0
0
0
0
-1600
0
0
0
0
0
0
0
0
0
-1680
0
0
0
0
0
0
0
0
0
-1520
0
0
0
0
0
0
0
0
0
-1160
120
0
0
0
0
0
0
0
0
-720
160
0
0
0
0
0
0
0
0
-400
120
0
0
0
0
0
0
0
0
-260
120
0
0
0
0
0
0
0
0
-180
80
0
0
0
0
0
0
0
0
0
0
0
0
0
0
0
0
0
0
0
0
0
0
0
0
0
0
0
0
0
0
0
0
0
0
0
0
0
0
0
0
0
0
0
0
0
0
0
0
0
0
0
0
0
0
0
0
0
0
0
0
0
0
0
0
0
0
0
0
0
0
0
0
0
0
0
0
0
0
0
0
0
0
0
0
0
0
0
0
0
0
0
0
0
0
0
0
0
0
0
0
0
0
0
0
0
0
0
0
0
0
0
0
0
0
0
0
0
0
0
0
0
0
0
0
0
0
0
0
0
0
0
0
0
0
0
0
0
0
0
0
0
0
0
0
0
0
0
0
0
0
0
0
0
0
0
0
0
0
0
0
0
0
0
0
0
0
0
0
0
0
0
0
0
0
0
0
0
0
0
0
0
0
0
0
0
0
0
0
-40
40
0
0
0
0
0
0
0
0
-80
40
0
0
0
0
0
0
0
0
-20
20
0
0
0
0
0
0
0
0
60
20
0
0
0
0
0
0
0
0
180
-20
0
0
0
0
0
0
0
0
80
-20
0
0
0
0
0
0
0
0
0
0
0
0
0
0
0
0
0
0
0
0
0
0
0
0
0
0
0
0
0
0
0
0
0
0
0
0
0
0
0
0
0
0
0
0
0
0
0
0
0
0
0
0
0
0
0
0
0
0
0
0
0
0
0
0
0
0
0
0
0
0
0
0
0
0
0
0
0
0
0
0
0
0
0
0
0
0
0
0
0
0
0
0
0
0
0
0
0
0
0
0
0
0
0
0
0
0
0
0
0
0
0
0
0
0
0
0
0
0
0
0
0
0
0
0
0
0
0
0
0
0
0
0
0
0
0
0
0
0
0
0
0
0
0
0
0
0
0
0
0
0
0
0
0
0
0
0
0
0
0
0
0
0
0
0
0
0
0
0
0
0
0
0
0
0
0
0
0
0
0
0
0
0
0
0
0
0
0
0
-40
0
0
0
0
0
0
0
0
0
-600
0
0
0
0
0
0
0
0
0
-480
-60
0
0
0
0
0
0
0
0
-220
0
0
0
0
0
0
0
0
0
-200
-80
0
0
0
0
0
0
0
0
-60
-20
0
0
0
0
0
0
0
0
-40
-20
0
0
0
0
0
0
0
0
-80
-20
0
0
0
0
0
0
0
0
-80
-20
0
0
0
0
0
0
0
0
-40
-20
0
0
0
0
0
0
0
0
0
0
0
0
0
0
0
0
0
0
0
0
0
0
0
0
0
0
0
0
0
0
0
0
0
0
0
0
0
0
0
0
0
0
0
0
0
0
10
0
0
0
0
0
0
0
0
0
10
0
0
0
0
0
0
0
0
0
10
10
0
0
0
0
0
0
0
0
10
10
0
0
0
0
0
0
0
0
10
10
0
0
0
0
0
0
0
0
10
10
0
0
0
0
0
0
0
0
10
10
0
0
0
0
0
0
0
0
10
10
0
0
0
0
0
0
0
0
10
10
0
0
0
0
0
0
0
0
10
10
0
0
0
0
0
0
0
0
10
10
-40
0
0
0
0
0
0
0
10
10
0
0
0
0
0
0
0
0
10
10
0
0
0
0
0
0
0
0
20
20
0
0
0
0
0
0
0
0
20
20
0
0
0
0
0
0
0
0
20
20
0
0
0
0
0
0
0
0
20
20
0
0
0
0
0
0
0
0
20
20
-20
20
0
0
0
0
0
0
20
20
0
0
0
0
0
0
0
0
20
0
-40
20
0
0
0
0
0
0
20
0
0
0
0
0
0
0
0
0
20
0
0
0
0
0
0
0
0
0
20
0
0
0
0
0
0
0
0
0
20
0
0
0
0
0
0
0
0
0
20
0
-20
20
0
0
0
0
0
0
20
0
0
0
0
0
0
0
0
0
20
0
0
0
0
0
0
0
0
0
20
0
0
0
0
0
0
0
0
0
20
0
0
20
0
0
0
0
0
0
10
0
-20
60
0
0
0
0
0
0
10
0
-20
80
0
0
0
0
0
0
10
0
-40
80
0
0
0
0
0
0
10
0
-80
100
0
0
0
0
0
0
10
0
-80
80
0
0
0
0
0
0
10
0
-100
120
0
0
0
0
0
0
10
0
-100
100
0
0
0
0
0
0
10
0
-100
100
0
0
0
0
0
0
10
0
-120
120
0
0
0
0
0
0
10
0
0
0
0
0
0
0
0
0
10
0
0
0
0
0
0
0
0
0
10
0
0
0
0
0
0
0
0
0
10
0
0
0
0
0
0
0
0
0
10
0
0
0
0
0
0
0
0
0
10
0
0
0
0
0
0
0
0
0
10
0
0
0
0
0
0
0
0
0
10
0
-40
60
0
0
0
0
0
0
10
0
0
0
0
0
0
0
0
0
10
0
0
0
0
0
0
0
0
0
10
0
0
0
0
0
0
0
0
0
10
0
0
0
0
0
0
0
0
0
10
0
-20
20
0
0
0
0
0
0
10
0
0
40
0
0
0
0
0
0
10
0
40
40
0
0
0
0
0
0
10
0
60
40
0
0
0
0
0
0
10
0
80
40
0
0
0
0
0
0
10
0
40
20
0
0
0
0
0
0
10
0
80
20
0
0
0
0
0
0
10
0
0
0
0
0
0
0
0
0
10
0
40
20
0
0
0
0
0
0
10
0
0
0
0
0
0
0
0
0
10
0
0
0
0
0
0
0
0
0
10
0
0
0
0
0
0
0
0
0
10
0
0
0
0
0
0
0
0
0
10
0
0
0
0
0
0
0
0
0
10
0
40
0
0
0
0
0
0
0
10
0
0
0
0
0
0
0
0
0
10
0
40
0
0
0
0
0
0
0
10
0
80
-20
0
0
0
0
0
0
10
0
40
-40
1
0
0
0
0
0
10
0
100
-80
1
0
0
0
0
0
10
0
80
-80
1
0
0
0
0
0
10
0
120
-120
1
0
0
0
0
0
10
0
0
0
1
0
0
0
0
0
10
0
40
-40
1
0
0
0
0
0
10
0
0
0
1
0
0
0
0
0
10
0
40
-20
1
0
0
0
0
0
10
0
40
-20
1
0
0
0
0
0
10
0
40
-40
1
0
0
0
0
0
10
0
40
-40
1
0
0
0
0
0
10
0
0
0
1
0
0
0
0
0
10
0
0
0
1
0
0
0
0
0
10
0
0
0
1
0
0
0
0
0
10
0
20
-40
1
0
0
0
0
0
10
0
20
-40
1
0
0
0
0
0
10
0
20
-80
1
0
0
0
0
0
0
0
0
-80
1
0
0
0
0
0
0
0
0
-100
1
0
0
0
0
0
0
0
0
-80
1
0
0
0
0
0
0
0
-40
-120
1
0
0
0
0
0
0
0
-40
-60
1
0
0
0
0
0
0
0
-20
-40
1
0
0
0
0
0
0
0
0
0
1
0
0
0
0
0
0
0
-80
-40
1
0
0
0
0
0
0
0
-80
-60
1
0
0
0
0
0
0
0
-100
-60
1
0
0
0
0
0
0
0
-140
-100
1
0
0
0
0
0
0
0
-180
-80
1
0
0
0
0
0
0
0
-160
-60
1
0
0
0
0
0
0
0
-140
0
1
0
0
0
0
0
0
0
-60
0
1
0
0
0
0
0
0
0
-40
0
1
0
0
0
0
0
0
0
-80
0
1
0
0
0
0
0
0
0
-100
20
1
0
0
0
0
0
0
0
-160
20
1
0
0
0
0
0
0
0
-160
40
1
0
0
0
0
0
0
0
-140
40
1
0
0
0
0
0
0
0
-80
40
1
0
0
0
0
0
0
0
-80
80
1
0
0
0
0
0
0
0
-40
100
1
0
0
0
0
0
0
0
-40
120
1
0
0
0
0
0
0
0
-20
80
1
0
0
0
0
0
0
0
0
80
1
0
0
0
0
0
0
0
0
80
1
0
0
0
0
0
0
0
0
40
1
0
0
0
0
0
0
0
20
40
1
0
0
0
0
0
0
0
20
40
1
0
0
0
0
0
0
0
40
60
1
0
0
0
0
0
0
0
20
40
1
0
0
0
0
0
0
0
40
80
1
0
0
0
0
0
0
0
40
60
1
0
0
0
0
0
0
0
40
60
1
0
0
0
0
0
0
0
60
80
1
0
0
0
0
0
0
0
60
40
1
0
0
0
0
0
0
0
80
60
1
0
0
0
0
0
0
0
40
20
1
0
0
0
0
0
0
0
80
60
1
0
0
0
0
0
0
0
80
40
1
0
0
0
0
0
0
0
40
60
1
0
0
0
0
0
0
0
80
40
1
0
0
0
0
0
0
0
40
20
1
0
0
0
0
0
0
0
80
40
1
0
0
0
0
0
0
0
80
40
1
0
0
0
0
0
0
0
80
20
1
0
0
0
0
0
0
0
80
40
1
0
0
0
0
0
0
0
100
0
1
0
0
0
0
0
0
0
100
0
1
0
0
0
0
0
0
0
100
0
1
0
0
0
0
0
0
0
120
0
1
0
0
0
0
0
0
0
120
0
1
0
0
0
0
0
0
0
100
0
1
0
0
0
0
0
0
0
100
-20
1
0
0
0
0
0
0
0
80
-40
1
0
0
0
0
0
0
0
80
-20
1
0
0
0
0
0
0
0
40
-20
1
0
0
0
0
0
0
0
80
-40
1
0
0
0
0
0
0
0
40
-20
1
0
0
0
0
0
0
0
40
-20
1
0
0
0
0
0
0
0
40
-40
1
0
0
0
0
0
0
0
40
-40
1
0
0
0
0
0
0
0
60
-80
1
0
0
0
0
0
0
0
0
-80
1
0
0
0
0
0
0
0
40
-80
1
0
0
0
0
0
0
0
0
-80
1
0
0
0
0
0
0
0
0
-40
1
0
0
0
0
0
0
0
0
-40
1
0
0
0
0
0
0
0
-40
-120
1
0
0
0
0
0
0
0
-40
-80
1
0
0
0
0
0
0
0
-40
-60
1
0
0
0
0
0
0
0
-20
-20
1
0
0
0
0
0
0
0
-20
-40
1
0
0
0
0
0
0
0
-40
-80
1
0
0
0
0
0
0
0
-40
-40
1
0
0
0
0
0
0
0
-60
-40
1
0
0
0
0
0
0
0
-40
-20
1
0
0
0
0
0
0
0
-20
-20
1
0
0
0
0
0
0
0
-20
-20
1
0
0
0
0
0
0
0
-40
-20
1
0
0
0
0
0
0
0
-40
-20
1
0
0
0
0
0
0
0
0
0
1
0
0
0
0
0
0
0
-40
-20
0
0
0
0
0
0
0
0
-40
-40
0
0
0
0
0
0
0
0
-40
-40
0
0
0
0
0
0
0
0
-40
-20
0
0
0
0
0
0
0
0
-80
-40
0
0
0
0
0
0
0
0
-80
-20
0
0
0
0
0
0
0
0
-100
0
0
0
0
0
0
0
0
0
-80
0
0
0
0
0
0
0
0
0
-80
0
0
0
0
0
0
0
0
0
-160
0
0
0
0
0
0
0
0
0
-80
0
0
0
0
0
0
0
0
0
-120
0
0
0
0
0
0
0
0
0
-120
0
0
0
0
0
0
0
0
0
-40
0
0
0
0
0
0
0
0
0
-40
20
0
0
0
0
0
0
0
0
0
0
0
0
0
0
0
0
0
0
-40
20
0
0
0
0
0
0
0
0
-20
60
0
0
0
0
0
0
0
0
0
80
0
0
0
0
0
0
0
0
0
40
0
0
0
0
0
0
0
0
0
40
0
0
0
0
0
0
0
0
20
40
0
0
0
0
0
0
0
0
40
40
0
0
0
0
0
0
0
0
40
40
0
0
0
0
0
0
0
0
40
20
0
0
0
0
0
0
0
0
40
20
0
0
0
0
0
0
0
0
0
0
0
0
0
0
0
0
0
0
0
0
0
0
0
0
0
0
0
0
0
0
0
0
0
0
0
0
0
0
40
40
0
0
0
0
0
0
0
0
40
20
0
0
0
0
0
0
0
0
0
0
0
0
0
0
0
0
0
0
20
20
0
0
0
0
0
0
0
0
20
20
0
0
0
0
0
0
0
0
0
0
0
0
0
0
0
0
0
0
40
20
0
0
0
0
0
0
0
0
0
0
0
0
0
0
0
0
0
0
40
40
0
0
0
0
0
0
0
0
40
40
0
0
0
0
0
0
0
0
60
40
0
0
0
0
0
0
0
0
20
40
0
0
0
0
0
0
0
0
0
0
0
0
0
0
0
0
0
0
0
0
0
0
0
0
0
0
0
0
40
20
0
0
0
0
0
0
0
0
20
20
0
0
0
0
0
0
0
0
20
20
0
0
0
0
0
0
0
0
0
0
0
0
0
0
0
0
0
0
40
20
0
0
0
0
0
0
0
0
0
0
0
0
0
0
0
0
0
0
40
20
0
0
0
0
0
0
0
0
0
0
0
0
0
0
0
0
0
0
20
20
0
0
0
0
0
0
0
0
0
0
0
0
0
0
0
0
0
0
0
0
0
0
0
0
0
0
0
0
0
0
0
0
0
0
0
0
0
0
0
0
0
0
0
0
0
0
0
0
0
0
0
0
0
0
0
0
0
0
0
0
0
0
0
0
0
0
0
0
0
0
0
0
0
0
0
0
0
0
0
0
0
0
0
0
0
0
0
0
0
0
0
0
0
0
0
0
0
0
0
0
0
0
0
0
0
0
0
0
-20
-20
0
0
0
0
0
0
0
0
-40
-40
0
0
0
0
0
0
0
0
0
0
0
0
0
0
0
0
0
0
0
0
0
0
0
0
0
0
0
0
0
0
0
0
0
0
0
0
0
0
0
0
0
0
0
0
0
0
0
0
0
0
0
0
0
0
0
0
0
0
-20
0
0
0
0
0
0
0
0
0
0
0
0
0
0
0
0
0
0
0
0
0
0
0
0
0
0
0
0
0
0
0
0
0
0
0
0
0
0
0
0
0
0
0
0
0
0
0
0
0
0
0
0
0
0
0
0
0
0
0
0
0
0
0
0
0
0
0
0
0
0
0
0
0
0
0
0
0
0
0
0
0
0
0
0
0
0
0
0
0
0
0
0
0
0
0
0
0
0
0
0
0
0
0
0
0
0
0
0
0
0
0
0
0
0
0
0
0
0
0
0
0
0
0
0
0
0
0
0
0
0
0
0
0
0
0
0
0
0
0
0
0
0
0
0
0
0
0
0
0
0
-20
0
0
0
0
0
0
0
0
0
-40
0
0
0
0
0
0
0
0
0
-80
0
0
0
0
0
0
0
0
0
-40
0
0
0
0
0
0
0
0
0
0
0
0
0
0
0
0
0
0
0
0
0
0
0
0
0
0
0
0
0
0
0
0
0
0
0
0
0
0
0
-40
0
0
0
0
0
0
0
0
0
0
0
0
0
0
0
0
0
0
0
0
0
0
0
0
0
0
0
0
0
0
0
0
0
0
0
0
0
0
0
0
0
0
0
0
0
0
0
0
0
0
0
0
0
0
0
0
0
0
0
0
0
0
0
0
0
0
0
0
0
0
0
0
0
0
0
0
0
0
-20
0
0
0
0
0
0
0
0
0
-40
0
0
0
0
0
0
0
0
0
-40
20
0
0
0
0
0
0
0
0
-40
20
0
0
0
0
0
0
0
0
0
0
0
0
0
0
0
0
0
0
0
0
0
0
0
0
0
0
0
0
0
0
0
0
0
0
0
0
0
0
0
0
0
0
0
0
0
0
0
0
0
20
0
0
0
0
0
0
0
0
0
0
0
0
0
0
0
0
0
0
0
0
0
0
0
0
0
0
0
0
0
0
0
0
0
0
0
0
0
0
0
0
0
0
0
0
0
0
0
0
20
20
0
0
0
0
0
0
0
0
20
20
0
0
0
0
0
0
0
0
0
0
0
0
0
0
0
0
0
0
40
20
0
0
0
0
0
0
0
0
0
0
0
0
0
0
0
0
0
0
0
0
0
0
0
0
0
0
0
0
0
0
0
0
0
0
0
0
0
0
40
0
0
0
0
0
0
0
0
0
0
0
0
0
0
0
0
0
0
0
0
0
0
0
0
0
0
0
0
0
0
0
0
0
0
0
0
0
0
0
0
0
0
0
0
0
0
0
0
0
0
0
0
0
0
0
0
0
0
0
0
0
0
0
0
0
0
0
0
0
0
0
0
0
0
0
0
0
0
0
0
0
0
0
0
0
0
0
0
0
0
0
0
0
0
0
0
0
0
0
0
0
0
0
0
0
0
0
0
0
0
0
0
0
0
0
0
0
0
0
0
0
0
0
0
0
0
0
0
0
0
0
0
0
0
0
0
0
0
0
0
0
0
0
0
0
0
0
0
0
0
0
1
0
0
0
0
0
0
0
0
0
1
0
0
0
0
0
0
0
0
0
1
0
0
0
0
0
0
0
0
0
1
0
0
0
0
0
0
0
0
0
1
0
0
0
0
0
0
0
0
0
1
0
0
0
0
0
0
0
0
0
1
0
0
0
0
0
0
0
0
0
1
0
0
0
0
0
0
0
0
0
1
0
0
0
0
0
0
0
0
0
1
0
0
0
0
0
0
0
0
0
1
0
0
0
0
0
0
0
0
0
1
0
0
0
0
0
0
0
0
0
1
0
0
0
0
0
0
0
0
0
1
0
0
0
0
0
0
0
0
40
1
0
0
0
0
0
0
0
0
0
1
0
0
0
0
0
0
0
-20
40
1
0
0
0
0
0
0
0
0
0
1
0
0
0
0
0
0
0
0
0
1
0
0
0
0
0
0
0
0
0
1
0
0
0
0
0
0
0
0
0
1
0
0
0
0
0
0
0
0
0
1
0
0
0
0
0
0
0
0
0
1
0
0
0
0
0
0
0
0
0
1
0
0
0
0
0
0
0
0
0
1
0
0
0
0
0
0
0
0
0
1
0
0
0
0
0
0
0
0
0
1
0
0
0
0
0
0
0
0
0
1
0
0
0
0
0
0
0
0
0
1
0
0
0
0
0
0
0
0
0
1
0
0
0
0
0
0
0
0
0
1
0
0
0
0
0
0
0
0
0
1
0
0
0
0
0
0
0
0
0
1
0
0
0
0
0
0
0
0
0
1
0
0
0
0
0
0
0
0
0
1
0
0
0
0
0
0
0
0
0
1
0
0
0
0
0
0
0
0
0
1
0
0
0
0
0
0
0
0
0
1
0
0
0
0
0
0
0
0
0
1
0
0
0
0
0
0
0
0
0
1
0
0
0
0
0
0
0
0
0
1
0
0
0
0
0
0
0
0
0
1
0
0
0
0
0
0
0
0
0
1
0
0
0
0
0
0
0
0
0
1
0
0
0
0
0
0
0
0
0
1
0
0
0
0
0
0
0
0
0
1
0
0
0
0
0
0
0
0
0
1
0
0
0
0
0
0
0
0
0
1
0
0
0
0
0
0
0
0
0
1
0
0
0
0
0
0
0
0
0
1
0
0
0
0
0
0
0
0
20
1
0
0
0
0
0
0
0
20
-40
1
0
0
0
0
0
0
0
0
0
1
0
0
0
0
0
0
0
0
-20
1
0
0
0
0
0
0
0
20
-40
1
0
0
0
0
0
0
0
0
0
1
0
0
0
0
0
0
0
0
0
1
0
0
0
0
0
0
0
0
0
1
0
0
0
0
0
0
0
0
0
1
0
0
0
0
0
0
0
0
0
1
0
0
0
0
0
0
0
0
0
1
0
0
0
0
0
0
0
0
0
1
0
0
0
0
0
0
0
0
0
1
0
0
0
0
0
0
0
0
0
1
0
0
0
0
0
0
0
0
0
1
0
0
0
0
0
0
0
0
0
1
0
0
0
0
0
0
0
0
0
1
0
0
0
0
0
0
0
0
0
1
0
0
0
0
0
0
0
0
0
1
0
0
0
0
0
0
0
0
0
1
0
0
0
0
0
0
0
0
0
1
0
0
0
0
0
0
0
0
0
1
0
0
0
0
0
0
0
0
0
1
0
0
0
0
0
0
0
0
0
1
0
0
0
0
0
0
0
0
0
1
0
0
0
0
0
0
0
0
0
1
0
0
0
0
0
0
0
0
0
1
0
0
0
0
0
0
0
0
0
1
0
0
0
0
0
0
0
0
0
1
0
0
0
0
0
0
0
0
0
1
0
0
0
0
0
0
0
0
0
1
0
0
0
0
0
0
0
0
0
1
0
0
0
0
0
0
0
0
0
1
0
0
0
0
0
0
0
0
0
1
0
0
0
0
0
0
0
0
0
1
0
0
0
0
0
0
0
0
0
1
0
0
0
0
0
0
0
0
0
0
0
0
0
0
0
0
0
0
0
0
0
0
0
0
0
0
0
0
0
0
0
0
0
0
0
0
0
0
0
0
0
0
0
0
0
0
0
0
0
0
0
0
0
0
0
0
0
0
0
0
0
0
0
0
0
0
0
0
0
0
0
0
0
0
0
0
0
0
0
0
0
0
0
0
0
0
0
0
0
0
0
0
0
0
0
0
0
0
0
0
0
0
0
0
0
0
0
0
0
0
0
0
0
0
0
0
0
0
0
0
0
0
0
0
0
0
0
0
0
0
0
0
0
0
0
0
0
0
0
0
0
0
0
0
0
0
0
0
0
0
0
0
0
0
0
0
0
0
0
0
0
0
0
0
0
0
0
0
0
0
0
0
0
0
0
0
0
0
0
0
0
0
0
0
0
